1.400000 -0.017996931 0.007349479 0.020521374 0.009548493 0.006333373 -0.003239502 0.999929070
1.600000 -0.023671601 0.009195114 0.025007723 0.010501010 0.011997982 -0.004315769 0.999863565
1.800000 -0.029317813 0.011387601 0.032056246 0.010631741 0.014766320 -0.002821480 0.999830484
2.000000 -0.043196443 0.015642174 0.043525126 0.012779689 0.018362990 0.000354858 0.999749660
2.200000 -0.049589992 0.018384110 0.049588051 0.015023073 0.019027164 0.003499317 0.999699950
2.400000 -0.055948216 0.019790953 0.055722099 0.016532339 0.020614667 0.005290945 0.999636829
2.600000 -0.062045198 0.021547582 0.061187398 0.016488126 0.023810249 0.004644917 0.999569714
2.800000 -0.064383432 0.022949385 0.060911935 0.016471019 0.028364222 0.002312251 0.999459267
3.000000 -0.072356030 0.024681956 0.066255681 0.016662044 0.031177962 -0.002891165 0.999370754
3.200000 -0.068373650 0.023067286 0.061582107 0.018986208 0.031566951 -0.007546346 0.999292791
3.400000 -0.087457515 0.030042062 0.079790801 0.021893730 0.027774198 -0.010842259 0.999315619
3.600000 -0.094251879 0.031622481 0.085317314 0.023643117 0.025906678 -0.012113435 0.999311328
3.800000 -0.098709859 0.034447335 0.090637803 0.024281019 0.025062934 -0.011546636 0.999324262
4.000000 -0.107329451 0.037944317 0.097511478 0.025132012 0.029324837 -0.012097757 0.999180675
4.200000 -0.115646400 0.040303275 0.103417926 0.026997980 0.033565767 -0.013720393 0.998977602
4.400000 -0.121731944 0.042766549 0.110486865 0.029732147 0.034642335 -0.016372176 0.998823225
4.600000 -0.107250586 0.037192810 0.096616134 0.032723330 0.038101636 -0.019997153 0.998537719
4.800000 -0.114732690 0.038889304 0.101597659 0.034311812 0.044522308 -0.022018064 0.998176157
5.000000 -0.121744737 0.040571216 0.106656097 0.033879135 0.054844070 -0.022846617 0.997658432
5.200000 -0.130445331 0.042168677 0.111510009 0.033592738 0.068539523 -0.023475487 0.996806264
5.400000 -0.137139380 0.043196362 0.116592884 0.031651124 0.078308418 -0.024507381 0.996125162
5.600000 -0.143961504 0.045545012 0.120927468 0.029246919 0.081768230 -0.026148826 0.995878935
5.800000 -0.152573690 0.047912229 0.125123024 0.026882671 0.082282290 -0.028722774 0.995832264
6.000000 -0.160151407 0.049978398 0.129980892 0.023821950 0.080443151 -0.029423010 0.996039987
6.200000 -0.168429673 0.052265674 0.134801686 0.020607883 0.078514680 -0.028983030 0.996278405
6.400000 -0.177790150 0.053050485 0.139358446 0.018881580 0.078029826 -0.027645456 0.996388733
6.600000 -0.185833246 0.055021584 0.143952131 0.018797547 0.075561255 -0.025779694 0.996630609
6.800000 -0.191996187 0.058542717 0.149543837 0.020401409 0.070704520 -0.025094561 0.996972859
7.000000 -0.200169593 0.059935473 0.154595017 0.021808501 0.068913959 -0.026018484 0.997044742
7.200000 -0.208125427 0.061650895 0.160540506 0.022039812 0.069955885 -0.027640659 0.996923447
7.400000 -0.216324404 0.063649483 0.164922580 0.020170299 0.074015796 -0.029433608 0.996618509
7.600000 -0.224728361 0.064739734 0.168557212 0.019097883 0.080566026 -0.030518690 0.996098876
7.800000 -0.231563583 0.065658189 0.173523277 0.018565400 0.084397972 -0.029664332 0.995817423
8.000000 -0.238564193 0.068890147 0.179467872 0.021287121 0.085286774 -0.029041650 0.995705605
8.200000 -0.246391714 0.070838496 0.184284389 0.025342520 0.085313857 -0.029154746 0.995604992
8.400000 -0.253247142 0.072080202 0.190250680 0.028135642 0.085832492 -0.031044289 0.995428264
8.600000 -0.263242185 0.074660741 0.196498603 0.028910279 0.088586375 -0.034685452 0.995044529
8.800000 -0.270087421 0.076784305 0.202509686 0.030035451 0.089231342 -0.038230870 0.994823635
9.000000 -0.277705580 0.078836352 0.207639590 0.030514246 0.086620703 -0.038380202 0.995033979
9.200000 -0.284250587 0.081910774 0.214355424 0.032212786 0.080232494 -0.035631131 0.995618165
9.400000 -0.290493846 0.084017836 0.220122114 0.033446766 0.075300805 -0.031288970 0.996108472
9.600000 -0.257191658 0.076031372 0.198432758 0.033431374 0.074244976 -0.027077174 0.996311605
9.800000 -0.265249312 0.077989519 0.203060359 0.031999115 0.080350280 -0.025488771 0.995926797
10.000000 -0.269882202 0.078249112 0.204833567 0.031605057 0.090347819 -0.025690082 0.995077074
10.200000 -0.275703579 0.079926036 0.208548069 0.033114355 0.102020219 -0.027669866 0.993845880
10.400000 -0.282393932 0.082012258 0.212209702 0.036114190 0.114327289 -0.030756025 0.992309928
10.600000 -0.290207982 0.083385505 0.215774089 0.036995459 0.130544111 -0.033015817 0.990201771
10.800000 -0.298474044 0.084483355 0.218725681 0.034540448 0.149146929 -0.034009349 0.987626195
11.000000 -0.307464361 0.085585169 0.219239473 0.032011081 0.166538104 -0.034609735 0.984907389
11.200000 -0.315514803 0.086038426 0.220902652 0.031686500 0.180341750 -0.034977503 0.982471049
11.400000 -0.321828693 0.087437630 0.223376200 0.034840178 0.186885312 -0.037412442 0.981050611
11.600000 -0.330041766 0.088131100 0.224703252 0.039171975 0.188574061 -0.043568172 0.980309725
11.800000 -0.337076813 0.088602491 0.225183815 0.041781083 0.189139321 -0.051398735 0.979713678
12.000000 -0.344907552 0.089087442 0.225418791 0.041287433 0.190179482 -0.059410162 0.979079962
12.200000 -0.338254005 0.087058812 0.221788377 0.039592423 0.191487327 -0.066871785 0.978413641
12.400000 -0.346683502 0.086365379 0.221045509 0.039692923 0.192919567 -0.071936607 0.977768660
12.600000 -0.353961319 0.086768918 0.221775398 0.042019587 0.190846607 -0.072798386 0.978014469
12.800000 -0.361348450 0.087659240 0.223514557 0.045240778 0.185703158 -0.070321292 0.979041636
13.000000 -0.369848251 0.087854244 0.224318638 0.045130547 0.181650028 -0.065077297 0.980169117
13.200000 -0.377526760 0.087755464 0.224868596 0.039918117 0.183418900 -0.059662592 0.980410337
13.400000 -0.386068970 0.088746727 0.223398209 0.029129794 0.192235276 -0.056660533 0.979278624
13.600000 -0.392953992 0.089594342 0.222656637 0.017681727 0.207044810 -0.057591971 0.976474762
13.800000 -0.399564415 0.090753391 0.223311156 0.008582642 0.223885849 -0.060544338 0.972695112
14.000000 -0.405283481 0.092096433 0.224796906 0.003447316 0.233658150 -0.062957264 0.970272303
14.200000 -0.408218473 0.093004726 0.227363870 0.001164718 0.235792965 -0.064538941 0.969657183
14.400000 -0.413040787 0.093530402 0.229466796 0.000858204 0.233329624 -0.065857299 0.970164597
14.600000 -0.417238235 0.093291223 0.230779514 0.002325114 0.227367967 -0.067604236 0.971456647
14.800000 -0.407300085 0.092194743 0.229598463 0.005916615 0.222235113 -0.070632875 0.972413242
15.000000 -0.412640542 0.091277815 0.229781628 0.011239307 0.216402307 -0.073277690 0.973485529
15.200000 -0.418933511 0.092248350 0.230299324 0.016386686 0.212483466 -0.075904600 0.974074304
15.400000 -0.425976157 0.092006586 0.230586335 0.019668315 0.209632009 -0.077154987 0.974533081
15.600000 -0.429555476 0.091676109 0.231407359 0.023629449 0.203992337 -0.078851461 0.975505590
15.800000 -0.432910264 0.090542153 0.234333187 0.028265482 0.199285150 -0.081258513 0.976157546
16.000000 -0.436227888 0.091879725 0.236198932 0.033182360 0.196836755 -0.086120658 0.976082683
16.200000 -0.438353360 0.092986882 0.239005178 0.036522169 0.198182672 -0.090651125 0.975280583
16.400000 -0.443520516 0.095325664 0.240811706 0.035181072 0.205749258 -0.093950123 0.973448992
16.600000 -0.450195104 0.095356114 0.242199078 0.030307552 0.215214580 -0.096714295 0.971293211
16.800000 -0.447256982 0.094576016 0.240646556 0.024272842 0.221572369 -0.097359762 0.969967842
17.000000 -0.453407139 0.093120575 0.242250800 0.020493338 0.224329755 -0.096440293 0.969512999
17.200000 -0.458127230 0.093864970 0.244509891 0.021238994 0.224112079 -0.095140219 0.969675720
17.400000 -0.464024305 0.094431870 0.248405069 0.025849249 0.223925278 -0.092769504 0.969836652
17.600000 -0.470327318 0.093402185 0.249921933 0.030550158 0.226740956 -0.090361372 0.969272971
17.800000 -0.475145519 0.093854509 0.252027631 0.034720693 0.233619288 -0.088705853 0.967650652
18.000000 -0.482189775 0.095123321 0.254675776 0.035829723 0.242928028 -0.089933589 0.965201616
18.200000 -0.481509805 0.095526315 0.253721654 0.035533149 0.250990212 -0.092730224 0.962882340
18.400000 -0.488501847 0.094905265 0.255579054 0.034896061 0.255396545 -0.095159717 0.961508989
18.600000 -0.494760901 0.096654817 0.258731425 0.035869718 0.254591286 -0.098082200 0.961393058
18.800000 -0.498995632 0.099228315 0.261278987 0.036944378 0.250342369 -0.100684486 0.962198734
19.000000 -0.504516780 0.100475930 0.263983965 0.036133934 0.248686731 -0.101071827 0.962618172
19.200000 -0.510902762 0.100369401 0.264923215 0.033345025 0.249247774 -0.103269115 0.962340474
19.400000 -0.518260658 0.100152247 0.265556455 0.029485716 0.249589905 -0.105319880 0.962155521
19.600000 -0.524992108 0.099628523 0.265879482 0.026960131 0.248632386 -0.105340898 0.962475121
19.800000 -0.532278597 0.099127732 0.265793860 0.024648093 0.248337433 -0.104420483 0.962713480
20.000000 -0.537590325 0.099352196 0.265540719 0.021331944 0.248514637 -0.104032420 0.962788999
20.200000 -0.530486345 0.098683715 0.262436509 0.016680975 0.250680089 -0.104462013 0.962272823
20.400000 -0.548615813 0.098955013 0.263849169 0.013246691 0.255258977 -0.106466725 0.960901737
20.600000 -0.554687858 0.099222317 0.264660537 0.011810821 0.260846943 -0.109229177 0.959108114
20.800000 -0.562212408 0.099521592 0.265827626 0.013595046 0.264483958 -0.111297846 0.957849741
21.000000 -0.553229988 0.099168487 0.265375942 0.016576638 0.267610192 -0.112855867 0.956751525
21.200000 -0.559512973 0.099435799 0.266149610 0.018124955 0.269630313 -0.115022890 0.955897868
21.400000 -0.563843548 0.099856511 0.266930550 0.018068245 0.270387113 -0.119210429 0.955171824
21.600000 -0.568151712 0.100895315 0.267287195 0.018474048 0.271471947 -0.122960843 0.954380572
21.800000 -0.574314833 0.100229949 0.269297153 0.020286435 0.276461869 -0.125072241 0.952635407
22.000000 -0.579701245 0.102312207 0.272495180 0.024738912 0.282501936 -0.127289176 0.950462043
22.200000 -0.583548903 0.102462247 0.275761724 0.028861199 0.287463248 -0.126814917 0.948920369
22.400000 -0.589801311 0.103646934 0.278418481 0.030731563 0.290084809 -0.126161978 0.948150575
22.600000 -0.595030189 0.105168417 0.281370908 0.028831912 0.291440248 -0.124554813 0.948007107
22.800000 -0.600032508 0.106119961 0.283015162 0.024469828 0.291842043 -0.123335049 0.948165596
23.000000 -0.601502419 0.106033653 0.282439053 0.021538695 0.293895364 -0.123484015 0.947582901
23.200000 -0.605626523 0.106691219 0.285575330 0.021121299 0.297924250 -0.125146285 0.946114898
23.400000 -0.610420525 0.108993754 0.289406210 0.022795834 0.301763415 -0.128020599 0.944473326
23.600000 -0.615618825 0.109505206 0.293805659 0.024758365 0.303415775 -0.130988732 0.943487048
23.800000 -0.619678438 0.110231325 0.296027273 0.025200576 0.304082215 -0.133079782 0.942968011
24.000000 -0.624481022 0.110386103 0.298032969 0.022635125 0.303641349 -0.133001924 0.943186164
24.200000 -0.629360378 0.110362694 0.298624873 0.019042090 0.304128051 -0.132989734 0.943110406
24.400000 -0.632902384 0.112582617 0.300338387 0.017672941 0.306758761 -0.135180503 0.941972911
24.600000 -0.636711836 0.113582283 0.303018630 0.016986454 0.310318977 -0.137007684 0.940554321
24.800000 -0.641677260 0.114726767 0.306876093 0.017661881 0.312072545 -0.138699532 0.939713359
25.000000 -0.647217810 0.115209907 0.310905874 0.018906251 0.310919702 -0.139611110 0.939936280
25.200000 -0.649023831 0.116089232 0.313038170 0.018683566 0.308405697 -0.139810875 0.940738916
25.400000 -0.652720630 0.116476893 0.313736290 0.014546840 0.305248082 -0.139328942 0.941912651
25.600000 -0.656735241 0.118165128 0.316018254 0.009480192 0.305686593 -0.140425280 0.941672266
25.800000 -0.661191404 0.117018059 0.317882448 0.005624437 0.309465647 -0.140817374 0.940409422
26.000000 -0.664502561 0.116824612 0.320877016 0.007174844 0.314983964 -0.140606403 0.938596547
26.200000 -0.668208361 0.117674351 0.325264812 0.012348896 0.318714499 -0.138746828 0.937559605
26.400000 -0.672783852 0.117332429 0.329554766 0.017204601 0.320906729 -0.136146098 0.937116385
26.600000 -0.676942706 0.117980935 0.331358910 0.019579973 0.321445227 -0.135797128 0.936935782
26.800000 -0.681026936 0.117961518 0.333449960 0.019443717 0.322448701 -0.136819988 0.936444879
27.000000 -0.685295522 0.118103847 0.334468782 0.019472692 0.325216889 -0.139801547 0.935045660
27.200000 -0.682533026 0.117630541 0.332977623 0.022181902 0.330350429 -0.142658263 0.932751358
27.400000 -0.686057746 0.118221156 0.335724115 0.025113499 0.336656392 -0.144396096 0.930151343
27.600000 -0.690050483 0.118798569 0.339309245 0.027112700 0.341660649 -0.144347519 0.928276181
27.800000 -0.694093943 0.119084015 0.343186140 0.025482636 0.344853818 -0.144078806 0.927182674
28.000000 -0.698190689 0.119730897 0.345537990 0.020821916 0.347434998 -0.143040285 0.926496029
28.200000 -0.701741934 0.120568044 0.347551405 0.016244939 0.350038320 -0.142657354 0.925666332
28.400000 -0.704131365 0.121152475 0.348926365 0.014272728 0.352949858 -0.144068062 0.924373865
28.600000 -0.707992136 0.120724037 0.351252705 0.016368924 0.356975764 -0.146328896 0.922435999
28.800000 -0.709988475 0.121925294 0.353801727 0.021218797 0.359792084 -0.148763433 0.920852244
29.000000 -0.712957263 0.123610944 0.358445674 0.024556139 0.360632479 -0.150984570 0.920078695
29.200000 -0.717298627 0.125519142 0.362812370 0.023933239 0.362376809 -0.152386263 0.919178247
29.400000 -0.720909655 0.126703992 0.365787387 0.019623855 0.366469860 -0.152295724 0.917671382
29.600000 -0.723950982 0.128961265 0.367349565 0.012607716 0.373490810 -0.152648464 0.914901137
29.800000 -0.726788342 0.129583925 0.369122893 0.004792351 0.383387268 -0.154106095 0.910627544
30.000000 -0.730226755 0.130278260 0.371575356 0.000006815 0.394337535 -0.155033216 0.905793905
30.200000 -0.732620597 0.131652042 0.374864489 -0.000462306 0.403317243 -0.155254513 0.901793182
30.400000 -0.734430850 0.132325336 0.377890497 0.002178329 0.407838106 -0.155729532 0.899673045
30.600000 -0.736014366 0.133035034 0.380608410 0.005672905 0.409225345 -0.156620190 0.898872912
30.800000 -0.738463104 0.134666815 0.383842647 0.007536065 0.406060845 -0.157293409 0.900175869
31.000000 -0.743811309 0.134853989 0.387517720 0.005349779 0.401312619 -0.158141896 0.902170002
31.200000 -0.747068703 0.136802614 0.389037162 0.004107002 0.395381093 -0.158508182 0.904727638
31.400000 -0.750790834 0.137069151 0.391473740 0.004178751 0.391461045 -0.157874808 0.906540871
31.600000 -0.752937555 0.138368547 0.395414352 0.005904076 0.389456809 -0.157859117 0.907396853
31.800000 -0.755017638 0.140104473 0.399399638 0.008215604 0.387226880 -0.158457279 0.908228576
32.000000 -0.758320093 0.140648156 0.404481262 0.009109114 0.385367990 -0.158843055 0.908942997
32.200000 -0.761521339 0.142755017 0.409041762 0.008626508 0.386218816 -0.159928277 0.908396125
32.400000 -0.764203429 0.144120082 0.411588013 0.007317220 0.387422889 -0.161464334 0.907622874
32.600000 -0.768207967 0.144964501 0.414417773 0.005690787 0.390116632 -0.162354529 0.906320930
32.800000 -0.771649361 0.145366237 0.416828424 0.006785147 0.392104924 -0.161809042 0.905552626
33.000000 -0.775161624 0.147417918 0.420718342 0.010767554 0.393909603 -0.160730049 0.904922724
33.200000 -0.776914775 0.148196816 0.424548328 0.015150434 0.393013716 -0.160204813 0.905342519
33.400000 -0.779460371 0.149796769 0.429088950 0.017275069 0.394176066 -0.161508769 0.904567122
33.600000 -0.782489240 0.151268840 0.432543755 0.015575691 0.396887451 -0.165677339 0.902656496
33.800000 -0.785671473 0.152604207 0.435566902 0.010514991 0.401141495 -0.170583054 0.899931312
34.000000 -0.788900673 0.153680325 0.437709957 0.005676063 0.404907912 -0.173363671 0.897754073
34.200000 -0.791676164 0.154616624 0.439983338 0.004376573 0.407735765 -0.173262283 0.896500170
34.400000 -0.794713080 0.156680286 0.444022179 0.006209808 0.411729902 -0.172543272 0.894800961
34.600000 -0.796354294 0.157721370 0.447968781 0.008682446 0.413611472 -0.169980273 0.894403040
34.800000 -0.798811913 0.159023464 0.453132480 0.010022007 0.416044831 -0.168038487 0.893627048
35.000000 -0.798512995 0.159073591 0.453304112 0.009176814 0.419189066 -0.168184504 0.892138064
35.200000 -0.801368594 0.159738377 0.455820262 0.005763019 0.422241598 -0.169968575 0.890387297
35.400000 -0.804011226 0.159956664 0.456649005 0.002154330 0.422870606 -0.171360120 0.889837921
35.600000 -0.812123001 0.161666051 0.463110358 0.000852820 0.423794299 -0.172736719 0.889134228
35.800000 -0.812089801 0.161486357 0.462240130 0.002801760 0.422764689 -0.173488125 0.889474034
36.000000 -0.814528227 0.161925629 0.466103882 0.005545697 0.421816766 -0.172937840 0.890018165
36.200000 -0.815219879 0.162777439 0.468497604 0.007289245 0.421078175 -0.171796903 0.890576124
36.400000 -0.817560554 0.163400143 0.471562356 0.005085133 0.423245251 -0.169566408 0.889991522
36.600000 -0.820326030 0.164505318 0.473854035 -0.000439853 0.426538885 -0.167651534 0.888795435
36.800000 -0.823704422 0.165035158 0.474753559 -0.006451438 0.428717911 -0.164786041 0.888259470
37.000000 -0.825309336 0.166425452 0.475724906 -0.009622211 0.430985332 -0.165086001 0.887077034
37.200000 -0.828988612 0.167718321 0.476976663 -0.009696110 0.434403807 -0.166664898 0.885111332
37.400000 -0.831810713 0.168841779 0.480264753 -0.007441243 0.438700289 -0.169256181 0.882518530
37.600000 -0.833666384 0.169888571 0.484211892 -0.004728646 0.442602038 -0.173060983 0.879847169
37.800000 -0.836086154 0.171311170 0.487789482 -0.002437838 0.446311593 -0.176532343 0.877289176
38.000000 -0.838796437 0.171662703 0.490206838 -0.002960382 0.448785901 -0.178159058 0.875695050
38.200000 -0.841592193 0.172658563 0.491690904 -0.004705067 0.450931042 -0.181287706 0.873941481
38.400000 -0.845163703 0.173292890 0.492862195 -0.006143469 0.453213751 -0.185072035 0.871956348
38.600000 -0.847990870 0.173146501 0.495326132 -0.004873073 0.456870764 -0.189207822 0.869163811
38.800000 -0.849531770 0.174748242 0.498004258 -0.000407126 0.460911930 -0.193448469 0.866104960
39.000000 -0.852358580 0.175437510 0.502104461 0.003521993 0.463957220 -0.195466891 0.864016175
39.200000 -0.854864955 0.176632181 0.506625295 0.004503444 0.465926349 -0.195057914 0.863043904
39.400000 -0.856838703 0.177749723 0.509101331 0.001265563 0.466154546 -0.193024397 0.863388598
39.600000 -0.859191775 0.179584563 0.511311710 -0.004016149 0.464771807 -0.190606356 0.864661932
39.800000 -0.862314820 0.181202531 0.513726950 -0.008257322 0.464009315 -0.188597366 0.865481496
40.000000 -0.864381313 0.181697175 0.516112745 -0.008706558 0.464833558 -0.187839821 0.865199506
40.200000 -0.866436839 0.183037654 0.519804358 -0.005838376 0.468415350 -0.188215256 0.863207936
40.400000 -0.868434608 0.184446841 0.524270535 -0.001890069 0.472911268 -0.189348459 0.860522211
40.600000 -0.868986607 0.185417593 0.527020574 0.000810930 0.476740301 -0.190849766 0.858075976
40.800000 -0.871784806 0.185847640 0.530192733 0.000259727 0.479700804 -0.190645084 0.856470406
41.000000 -0.875718534 0.187666282 0.534373701 -0.001347176 0.482254624 -0.190184176 0.855136633
41.200000 -0.876294613 0.188468143 0.533941388 -0.000931629 0.483622104 -0.190909922 0.854202688
41.400000 -0.878971219 0.189657256 0.535700500 0.002969701 0.486524373 -0.193366930 0.851994395
41.600000 -0.880228579 0.189311862 0.539914548 0.007958831 0.489153057 -0.195325643 0.850008130
41.800000 -0.882237136 0.190977216 0.543032587 0.011471966 0.490391135 -0.197193623 0.848822474
42.000000 -0.884423852 0.191516295 0.546375155 0.011308015 0.490624785 -0.197761118 0.848557591
42.200000 -0.885730743 0.193209589 0.548128188 0.009710710 0.490741700 -0.197378069 0.848598957
42.400000 -0.888606191 0.193274915 0.548919976 0.006933050 0.491976649 -0.197153866 0.847963035
42.600000 -0.890797079 0.193539470 0.549459636 0.005695213 0.492963016 -0.197761193 0.847257674
42.800000 -0.893861592 0.194196790 0.550532818 0.005302040 0.494906783 -0.199264109 0.845773637
43.000000 -0.895665348 0.194959804 0.552100062 0.005792705 0.497274280 -0.199177817 0.844400942
43.200000 -0.897312939 0.195401669 0.555048943 0.004848335 0.500864506 -0.198382571 0.842469871
43.400000 -0.899497747 0.196187600 0.557860494 0.001924750 0.506322265 -0.196176574 0.839731395
43.600000 -0.901154995 0.198650926 0.561168134 -0.003045245 0.512691021 -0.193340898 0.836515367
43.800000 -0.902496457 0.199430138 0.562690794 -0.009745165 0.518084764 -0.191040874 0.833664536
44.000000 -0.904312909 0.200238228 0.565021217 -0.015262564 0.524922848 -0.192020655 0.829066396
44.200000 -0.906372964 0.200758114 0.566621721 -0.017472791 0.530534208 -0.194351315 0.824897408
44.400000 -0.907609344 0.200547770 0.566562057 -0.016215116 0.535245597 -0.197065830 0.821227312
44.600000 -0.911318302 0.201776713 0.569019914 -0.012500015 0.541539490 -0.201349765 0.816110909
44.800000 -0.912747145 0.201689109 0.570198894 -0.009326753 0.548405647 -0.204365522 0.810801446
45.000000 -0.913993716 0.203229100 0.573899984 -0.005810649 0.555788875 -0.204854146 0.805667222
45.200000 -0.915280700 0.205023095 0.578231573 -0.003646018 0.560779631 -0.204331413 0.802347481
45.400000 -0.917107344 0.205405042 0.579940438 -0.002619345 0.560519636 -0.201542273 0.803238153
45.600000 -0.919600487 0.206842065 0.583144367 -0.002055257 0.558308721 -0.199609399 0.805259764
45.800000 -0.922561169 0.208474815 0.585931838 -0.001130622 0.552961290 -0.198730856 0.809159160
46.000000 -0.925517797 0.209932163 0.588385701 0.000757726 0.547669590 -0.198323742 0.812849998
46.200000 -0.928174317 0.210142955 0.592306554 0.001937809 0.543117642 -0.198673636 0.815811396
46.400000 -0.929538846 0.211567521 0.595705330 0.003627346 0.537997305 -0.198573902 0.819215596
46.600000 -0.931674719 0.213488653 0.600594461 0.004481800 0.532768190 -0.197627336 0.822849512
46.800000 -0.933811545 0.215320513 0.605508327 0.003260497 0.530685127 -0.197399765 0.824254811
47.000000 -0.936667562 0.216963649 0.607738674 0.000408520 0.530316889 -0.197833553 0.824394107
47.200000 -0.940617502 0.218158558 0.610963345 -0.002875457 0.532486379 -0.198832020 0.822748899
47.400000 -0.943734944 0.218682811 0.613190234 -0.004773364 0.535584986 -0.200788826 0.820249856
47.600000 -0.947527528 0.220499277 0.616866052 -0.004566228 0.541189730 -0.203421235 0.815912127
47.800000 -0.949349940 0.221924484 0.620086193 -0.003048450 0.546915114 -0.204696283 0.811772108
48.000000 -0.950832665 0.223415628 0.622816801 -0.001116495 0.552023172 -0.204416260 0.808383048
48.200000 -0.952828348 0.223655745 0.625504792 -0.001661533 0.555517673 -0.202771947 0.806400001
48.400000 -0.956285775 0.225300327 0.629384577 -0.002905603 0.558005750 -0.200185895 0.805323958
48.600000 -0.958780408 0.226069629 0.631601274 -0.004884907 0.557527840 -0.197942480 0.806199491
48.800000 -0.961765409 0.226094276 0.633392215 -0.006064637 0.555716813 -0.197582334 0.807529092
49.000000 -0.964389563 0.226424158 0.634244502 -0.004015455 0.553145766 -0.199985519 0.808714688
49.200000 -0.964328468 0.227243841 0.634938538 0.001194681 0.550647438 -0.204906866 0.809196591
49.400000 -0.964229286 0.226864025 0.637083113 0.006850889 0.548335791 -0.208326325 0.809864879
49.600000 -0.962752044 0.227395177 0.638736367 0.012294210 0.546221018 -0.209602073 0.810899794
49.800000 -0.962504089 0.227399707 0.639826715 0.014965739 0.545468092 -0.209196091 0.811466336
50.000000 -0.962904453 0.228941947 0.641079724 0.015270608 0.546131074 -0.209052116 0.811051726
50.200000 -0.964605212 0.229222193 0.644029915 0.012295890 0.547739327 -0.208797321 0.810082793
50.400000 -0.965890706 0.229542255 0.644291997 0.007791335 0.548485041 -0.211015970 0.809058547
50.600000 -0.967595398 0.229478106 0.644491494 0.003005537 0.549241662 -0.212558165 0.808173001
50.800000 -0.970197558 0.230547786 0.644359887 0.000855002 0.552575886 -0.215020701 0.805248559
51.000000 -0.973123968 0.231639057 0.649025917 0.001148652 0.562479556 -0.217783406 0.797612607
51.200000 -0.974872828 0.232372180 0.652716458 0.003038897 0.572719991 -0.219394103 0.789840996
51.400000 -0.975962818 0.233054385 0.654717445 0.006161443 0.578157961 -0.219194487 0.785906613
51.600000 -0.978459239 0.234373763 0.656487107 0.007392220 0.578884482 -0.220074773 0.785114765
51.800000 -0.981328130 0.236220405 0.660027802 0.005311975 0.576247811 -0.223223358 0.786181629
52.000000 -0.981977940 0.237409785 0.659636319 0.002056199 0.568289936 -0.227437183 0.790768385
52.200000 -0.983760357 0.238783211 0.664777517 -0.001750367 0.562535644 -0.232344955 0.793452263
52.400000 -0.986003220 0.239948168 0.667326629 0.005007197 0.542413175 -0.219960868 0.810789764
52.600000 -0.987872958 0.240003452 0.670268655 0.011846404 0.531315088 -0.209482938 0.820780575
52.800000 -0.988341510 0.240887031 0.673287213 0.017027438 0.532165825 -0.205091521 0.821247280
53.000000 -0.989058912 0.241288662 0.674370527 0.021071203 0.534900844 -0.201553464 0.820252001
53.200000 -0.989600658 0.242360607 0.676757753 0.023745436 0.537542403 -0.197863847 0.819349885
53.400000 -0.991243958 0.243483022 0.679687500 0.024094831 0.539064467 -0.196015477 0.818783760
53.600000 -0.992467999 0.244463265 0.681450188 0.023128230 0.540893137 -0.197403491 0.817270756
53.800000 -0.993482232 0.244945183 0.681497991 0.020615229 0.543046653 -0.199768573 0.815332949
54.000000 -0.994641006 0.244617954 0.683441341 0.018687392 0.546010971 -0.199716240 0.813410223
54.200000 -0.997580171 0.246437311 0.686893463 0.018044671 0.548799217 -0.196543828 0.812320292
54.400000 -0.999645710 0.247590452 0.689705014 0.018046463 0.548638880 -0.191608801 0.813606620
54.600000 -1.001233697 0.249202773 0.691534698 0.018300647 0.546073437 -0.189384729 0.815844536
54.800000 -1.003164291 0.250712693 0.694185197 0.016372092 0.544904947 -0.190576270 0.816389143
55.000000 -1.004826307 0.250700146 0.695603848 0.011728317 0.544784129 -0.192285657 0.816148758
55.200000 -1.007528782 0.251453280 0.694974363 0.006756753 0.546233773 -0.195215449 0.814539075
55.400000 -1.009652853 0.252609819 0.695649505 0.002925834 0.550456226 -0.199032858 0.810786843
55.600000 -1.012986064 0.251410872 0.699272096 0.000372769 0.557628572 -0.201188937 0.805340409
55.800000 -1.015476942 0.253029555 0.700474143 0.002651435 0.562643409 -0.202335760 0.801551938
56.000000 -1.019159317 0.253173023 0.702386677 0.006835548 0.565469205 -0.200077653 0.800104201
56.200000 -1.023259521 0.253014296 0.705416679 0.011387490 0.566208780 -0.197227582 0.800236940
56.400000 -1.026594281 0.252609968 0.706469893 0.015680728 0.564408541 -0.195567235 0.801841915
56.600000 -1.029209852 0.252987176 0.708200097 0.017081862 0.563525259 -0.195636719 0.802417457
56.800000 -1.032770872 0.253419936 0.709131777 0.015744206 0.564685762 -0.197000816 0.801294446
57.000000 -1.036150098 0.254839629 0.711122572 0.012635591 0.568584859 -0.200351715 0.797753632
57.200000 -1.038802147 0.255425274 0.713162363 0.009935834 0.573142111 -0.204681084 0.793419838
57.400000 -1.042390347 0.256199479 0.716160417 0.009030167 0.577169478 -0.207560077 0.789754808
57.600000 -1.044411421 0.257676065 0.719868541 0.010304702 0.579685330 -0.207714885 0.787853599
57.800000 -1.047952175 0.258906782 0.723474324 0.010943507 0.581121445 -0.204810292 0.787547350
58.000000 -1.051278710 0.260231197 0.725987673 0.010021235 0.582245946 -0.201026231 0.787704051
58.200000 -1.054977417 0.261083007 0.726745367 0.005685998 0.583932698 -0.197810084 0.787312806
58.400000 -1.058247089 0.262569785 0.729692101 -0.000366102 0.587872446 -0.197988451 0.784350991
58.600000 -1.060948253 0.263658583 0.731543124 -0.005415105 0.592803776 -0.198233366 0.780549765
58.800000 -1.065060139 0.265872627 0.734588802 -0.007511139 0.599312246 -0.198651582 0.775439203
59.000000 -1.068006635 0.266425014 0.736858010 -0.006594694 0.605290890 -0.197884113 0.770987272
59.200000 -1.071319461 0.267052054 0.739160717 -0.004044656 0.612284064 -0.197989285 0.765435874
59.400000 -1.074943542 0.267597139 0.742525816 -0.003211240 0.619832039 -0.199353263 0.758983672
59.600000 -1.078124285 0.268333614 0.744740486 -0.004071579 0.623938978 -0.200070441 0.755417347
59.800000 -1.080234408 0.270209998 0.747344375 -0.002871313 0.624953985 -0.200087398 0.754578888
60.000000 -1.082448483 0.270955145 0.750677168 0.000576367 0.621744573 -0.199024916 0.757510662
60.200000 -1.083419800 0.272095591 0.754813015 0.005879752 0.614489555 -0.198586747 0.763499379
60.400000 -1.084079862 0.273210168 0.759242773 0.010849381 0.604539156 -0.200784013 0.770779133
60.600000 -1.086564302 0.274830699 0.762393415 0.013751986 0.594120979 -0.204514727 0.777820587
60.800000 -1.088040471 0.275851846 0.767068386 0.014116819 0.586961448 -0.209472552 0.781919599
61.000000 -1.090662479 0.276334673 0.768153906 0.013276023 0.581447244 -0.213502720 0.784958243
61.200000 -1.093787789 0.277364075 0.769988775 0.013642677 0.577625155 -0.215042919 0.787349761
61.400000 -1.096686959 0.278241128 0.771176636 0.014799675 0.574951231 -0.215590268 0.789134264
61.600000 -1.099753261 0.277980149 0.773030460 0.015153321 0.574332297 -0.214905649 0.789764702
61.800000 -1.102462769 0.278343201 0.774269044 0.015968051 0.574947417 -0.213139117 0.789779842
62.000000 -1.105064273 0.279455721 0.776696980 0.015618892 0.577983677 -0.211595595 0.787983656
62.200000 -1.108903170 0.279721856 0.778645635 0.013053610 0.581251860 -0.211538240 0.785638213
62.400000 -1.111946940 0.280858636 0.780232430 0.009480083 0.584741294 -0.212244362 0.782904923
62.600000 -1.114788055 0.281562418 0.781679034 0.005115888 0.587965429 -0.213663697 0.780139983
62.800000 -1.117695808 0.282303929 0.782515705 0.000932245 0.590382576 -0.215501308 0.777821720
63.000000 -1.121166229 0.282820106 0.783459008 -0.001503817 0.591802120 -0.216136426 0.776564896
63.200000 -1.123236537 0.283139408 0.785528302 -0.003373531 0.592372835 -0.214965165 0.776448965
63.400000 -1.125086188 0.284184396 0.787749946 -0.004876287 0.592579305 -0.212571353 0.776942372
63.600000 -1.127341866 0.285944551 0.789743960 -0.007344813 0.592995942 -0.210114986 0.777273118
63.800000 -1.129543662 0.286456048 0.791278303 -0.012600735 0.593425691 -0.206036061 0.777969360
64.000000 -1.130922794 0.287204444 0.791438997 -0.019322151 0.594000638 -0.203816772 0.777977288
64.200000 -1.133899450 0.288664967 0.792525768 -0.025125824 0.596954584 -0.202064380 0.776005089
64.400000 -1.133789301 0.289268613 0.794545114 -0.025925532 0.605920374 -0.202250376 0.768949389
64.600000 -1.133853912 0.290152609 0.797456801 -0.021765528 0.616656244 -0.203995585 0.760030925
64.800000 -1.133567214 0.289893240 0.799925506 -0.014458342 0.624712765 -0.207997888 0.752503693
65.000000 -1.133021593 0.290631860 0.802558005 -0.005926868 0.627702713 -0.213043183 0.748710096
65.200000 -1.131542444 0.290568262 0.804122686 0.002195480 0.626232326 -0.218378216 0.748424470
65.400000 -1.130821586 0.292276144 0.806190073 0.008931602 0.622423768 -0.223952636 0.749902785
65.600000 -1.129103065 0.292875379 0.808029294 0.015379581 0.618161917 -0.227455109 0.752265632
65.800000 -1.130461097 0.295291245 0.812183499 0.021335332 0.614629686 -0.228591308 0.754666269
66.000000 -1.131428003 0.296723157 0.814866364 0.025806876 0.610915840 -0.227632239 0.757825434
66.200000 -1.130376577 0.297907919 0.819508255 0.026932919 0.608614564 -0.225405931 0.760299385
66.400000 -1.131126523 0.299657524 0.822437048 0.027158234 0.608493567 -0.223008424 0.761094749
66.600000 -1.129522920 0.301122546 0.825490534 0.026255896 0.610904992 -0.220924065 0.759801447
66.800000 -1.127609015 0.302044690 0.827679753 0.025176119 0.612641633 -0.219601989 0.758822381
67.000000 -1.124798894 0.303310722 0.831154108 0.023718528 0.612995446 -0.217849612 0.759088635
67.200000 -1.124699712 0.304720938 0.833661616 0.020988833 0.610905051 -0.214699939 0.761746943
67.400000 -1.124185681 0.306507856 0.837260246 0.016695317 0.608735323 -0.211236641 0.764553189
67.600000 -1.124701619 0.307450473 0.840655386 0.011867189 0.607276201 -0.205413014 0.767385364
67.800000 -1.125496984 0.308865488 0.843963921 0.007374862 0.607095420 -0.199395061 0.769169927
68.000000 -1.127423525 0.311011732 0.846387506 0.003625123 0.608827114 -0.195472449 0.768834770
68.200000 -1.128863573 0.311903358 0.848134696 0.000771136 0.612339735 -0.193056971 0.766660571
68.400000 -1.130756736 0.312891036 0.849411249 -0.000621840 0.617332160 -0.193482146 0.762538671
68.600000 -1.133553743 0.312376499 0.850641906 -0.000573606 0.622891068 -0.195524111 0.757480502
68.800000 -1.135312319 0.312974393 0.851818085 0.000998445 0.627081811 -0.200008109 0.752837420
69.000000 -1.135107875 0.313150257 0.854808927 0.002132489 0.629630983 -0.205602035 0.749191642
69.200000 -1.136687636 0.313375086 0.856716692 0.002340208 0.629377663 -0.211045742 0.747888982
69.400000 -1.138396263 0.315224111 0.860797167 0.002015552 0.628154457 -0.215460584 0.747659445
69.600000 -1.140933633 0.317382932 0.865217149 0.000644380 0.624762952 -0.218995631 0.749474347
69.800000 -1.142492771 0.318148017 0.869581878 -0.001708731 0.620913923 -0.221905813 0.751811683
70.000000 -1.145194292 0.318258733 0.872246623 -0.004481272 0.617969036 -0.223708913 0.753689945
70.200000 -1.147488117 0.319289029 0.873534024 -0.007812436 0.616561830 -0.224119574 0.754692554
70.400000 -1.150475502 0.320033699 0.873857915 -0.010846115 0.616183817 -0.223044544 0.755282044
70.600000 -1.152823925 0.320557266 0.875569046 -0.012635066 0.617101371 -0.220638245 0.755211949
70.800000 -1.153703332 0.321575016 0.877553105 -0.012318216 0.617633045 -0.216837391 0.755883157
71.000000 -1.155484676 0.322132826 0.878391623 -0.011207916 0.616993010 -0.212448716 0.757667184
71.200000 -1.156453848 0.323100120 0.879923224 -0.009512033 0.616005361 -0.208601713 0.759560585
71.400000 -1.157195210 0.324310988 0.881054997 -0.007996674 0.613708079 -0.205720127 0.762218893
71.600000 -1.159088969 0.325323552 0.882545412 -0.007445744 0.610889733 -0.203309759 0.765129685
71.800000 -1.159318328 0.325452656 0.882839262 -0.008717670 0.607862175 -0.201863423 0.767905474
72.000000 -1.159098744 0.326907247 0.882939935 -0.011183880 0.606192887 -0.200512856 0.769545197
72.200000 -1.159584165 0.328612983 0.882886112 -0.015346099 0.606080115 -0.198255017 0.770146966
72.400000 -1.158931255 0.329185039 0.882121563 -0.020004362 0.606233716 -0.194693312 0.770827472
72.600000 -1.158439636 0.330814838 0.882082701 -0.023461003 0.607365310 -0.190553352 0.770873785
72.800000 -1.157812238 0.331685483 0.880610108 -0.025789801 0.607512534 -0.186077923 0.771776140
73.000000 -1.157693505 0.331669718 0.879933059 -0.027698081 0.607901096 -0.182244912 0.772318542
73.200000 -1.157863259 0.331678599 0.879951417 -0.028797284 0.607779264 -0.180282354 0.772834539
73.400000 -1.157960892 0.331548870 0.879855216 -0.028373459 0.606244922 -0.181101903 0.773863137
73.600000 -1.158256531 0.331236511 0.880578160 -0.025707614 0.604437649 -0.185030207 0.774440467
73.800000 -1.158425570 0.327818036 0.882008553 -0.021501785 0.602375627 -0.190521583 0.774843693
74.000000 -1.158383727 0.324666202 0.882899642 -0.016186871 0.600910962 -0.195747480 0.774807692
74.200000 -1.158800960 0.322618693 0.883492768 -0.011046444 0.600617111 -0.199085683 0.774275124
74.400000 -1.159384489 0.321703345 0.883273065 -0.007820481 0.601085961 -0.201246798 0.773391366
74.600000 -1.160537958 0.320867658 0.883352339 -0.005432872 0.601821184 -0.201926872 0.772662520
74.800000 -1.160286188 0.320080549 0.883413374 -0.002528285 0.602044165 -0.203297019 0.772144318
75.000000 -1.160028577 0.320596457 0.882773757 0.001198355 0.601429582 -0.206891224 0.771671593
75.200000 -1.159646511 0.319371849 0.882593513 0.004879449 0.600814641 -0.210129350 0.771261036
75.400000 -1.159560323 0.319698423 0.882710576 0.008190565 0.600628793 -0.213638231 0.770413280
75.600000 -1.159459591 0.319544494 0.883037865 0.009297047 0.601464868 -0.215343699 0.769272804
75.800000 -1.159924626 0.319431782 0.882805049 0.007364180 0.602944136 -0.214874893 0.768266201
76.000000 -1.159388185 0.319776416 0.882131517 0.002487133 0.605078101 -0.211798251 0.767473698
76.200000 -1.160346508 0.320312470 0.882377446 -0.005586721 0.607928336 -0.206486315 0.766652048
76.400000 -1.160778999 0.320861340 0.882174134 -0.013932104 0.609989226 -0.201255262 0.766299784
76.600000 -1.161973953 0.320873111 0.882168293 -0.020336259 0.610994458 -0.197097495 0.766436458
76.800000 -1.161422610 0.320557117 0.882609546 -0.023660211 0.610909581 -0.194408566 0.767095149
77.000000 -1.160775065 0.320052534 0.882493019 -0.024058970 0.610332608 -0.192578316 0.768003166
77.200000 -1.161038756 0.320513099 0.882231474 -0.023129905 0.610002041 -0.192046240 0.768427432
77.400000 -1.161024213 0.320837826 0.882360876 -0.022687681 0.610282123 -0.191580519 0.768334508
77.600000 -1.160521269 0.320150018 0.882057190 -0.022573885 0.610730767 -0.191241816 0.768065751
77.800000 -1.160415769 0.320245713 0.882095098 -0.021812623 0.611309469 -0.192356572 0.767348647
78.000000 -1.160644531 0.320484340 0.882197499 -0.020314503 0.611317933 -0.194153801 0.766930282
78.200000 -1.160128236 0.320247948 0.882340789 -0.019249400 0.611119509 -0.195774764 0.766703725
78.400000 -1.159837484 0.320424676 0.882353067 -0.018435076 0.610614836 -0.196802899 0.766862631
78.600000 -1.159606934 0.320926636 0.882352114 -0.018046796 0.610203028 -0.197348818 0.767059326
78.800000 -1.160219908 0.320518762 0.882278442 -0.018154867 0.609844983 -0.197205499 0.767378271
79.000000 -1.159792185 0.320591271 0.882518232 -0.017385205 0.609182715 -0.197546139 0.767834425
79.200000 -1.159759164 0.320528507 0.882589638 -0.016056262 0.608317435 -0.198924690 0.768193305
79.400000 -1.160089731 0.320063025 0.882674873 -0.014367490 0.607276618 -0.200324968 0.768686295
79.600000 -1.160210252 0.319566458 0.882578373 -0.012717608 0.606444716 -0.201701850 0.769011974
79.800000 -1.159696460 0.320227891 0.882876098 -0.010661158 0.606126189 -0.203693941 0.768769264
80.000000 -1.159447193 0.319856882 0.882655442 -0.009066795 0.605991364 -0.205837637 0.768324852
80.200000 -1.159804821 0.319685906 0.882404327 -0.007039805 0.605770886 -0.207610965 0.768042803
80.400000 -1.159082174 0.319831878 0.882851422 -0.005070474 0.606003463 -0.209322169 0.767410159
80.600000 -1.158734918 0.319682389 0.882429481 -0.003225921 0.605956137 -0.210373223 0.767170012
80.800000 -1.158526659 0.319981247 0.882243872 -0.001014762 0.605691195 -0.211737841 0.767009914
81.000000 -1.158298969 0.320002139 0.882470012 0.001823512 0.605016291 -0.213973120 0.766920805
81.200000 -1.157811284 0.319752783 0.882135689 0.005871907 0.603653193 -0.217645958 0.766941071
81.400000 -1.157677412 0.319784641 0.882337987 0.010396335 0.602364123 -0.221733212 0.766735733
81.600000 -1.157948852 0.319613338 0.882480204 0.014345642 0.601419389 -0.224845424 0.766507328
81.800000 -1.158006668 0.320237249 0.883014083 0.016691389 0.601527989 -0.227032229 0.765729666
82.000000 -1.157836556 0.320164442 0.882595897 0.017528608 0.602230608 -0.227393672 0.765051126
82.200000 -1.157943606 0.320174605 0.882995486 0.017546676 0.603728414 -0.226749241 0.764060795
82.400000 -1.157899022 0.320191532 0.882966042 0.017270107 0.605205953 -0.225999251 0.763119817
82.600000 -1.157457948 0.319808125 0.882935941 0.016691413 0.606777370 -0.225460976 0.762043297
82.800000 -1.158066988 0.319926053 0.882950783 0.015897378 0.608481228 -0.225368202 0.760728002
83.000000 -1.157696962 0.320092112 0.882685542 0.014996653 0.609672487 -0.225742847 0.759680688
83.200000 -1.158077002 0.320292711 0.883197248 0.014222776 0.611171424 -0.225199759 0.758651614
83.400000 -1.157384634 0.319752783 0.883021832 0.012695069 0.612100244 -0.223350078 0.758476675
83.600000 -1.156431794 0.320699245 0.883867502 0.011238615 0.612558961 -0.221001744 0.758817196
83.800000 -1.155653596 0.321953833 0.885869324 0.010099263 0.611283720 -0.218776330 0.760504544
84.000000 -1.153377891 0.322660804 0.887191653 0.010791180 0.606669903 -0.215961829 0.764980853
84.200000 -1.151731253 0.322257340 0.887552381 0.012340864 0.600683451 -0.213563740 0.770336092
84.400000 -1.150744319 0.322433889 0.888785422 0.013084156 0.596550286 -0.212832645 0.773730457
84.600000 -1.149645090 0.322237730 0.889159024 0.009995326 0.595701873 -0.213203683 0.774327815
84.800000 -1.148831010 0.323497295 0.890332758 0.004337456 0.597868562 -0.215787187 0.771991074
85.000000 -1.146928191 0.324554116 0.892738044 -0.000808300 0.602470934 -0.219561443 0.767346621
85.200000 -1.146490455 0.324746072 0.894128859 -0.001644954 0.606529534 -0.220749810 0.763798833
85.400000 -1.145403624 0.325866222 0.898721814 0.003066977 0.610429049 -0.218899876 0.761215985
85.600000 -1.145221353 0.327714562 0.904294193 0.009281293 0.612490296 -0.214853168 0.760662556
85.800000 -1.144524813 0.328801602 0.909217715 0.012991281 0.612360001 -0.211782277 0.761573792
86.000000 -1.143074751 0.331287980 0.913977206 0.015420821 0.610498786 -0.211410657 0.763124466
86.200000 -1.138522029 0.332854688 0.917991340 0.016594419 0.609565020 -0.214468941 0.762992918
86.400000 -1.136288404 0.334666312 0.922009408 0.017308544 0.610757053 -0.218887582 0.760765672
86.600000 -1.132173300 0.336493313 0.925640583 0.017598229 0.614343882 -0.221284732 0.757169068
86.800000 -1.127206922 0.338499397 0.932209969 0.016637363 0.619171739 -0.220838040 0.753379107
87.000000 -1.122537255 0.340563774 0.938843489 0.015394539 0.622916639 -0.219453752 0.750718236
87.200000 -1.116680145 0.342388004 0.944237411 0.016048871 0.622532248 -0.218437776 0.751319468
87.400000 -1.110883951 0.343833447 0.949724317 0.017650941 0.618908048 -0.221598700 0.753349423
87.600000 -1.105222702 0.345815241 0.956004381 0.018338574 0.615468144 -0.224508956 0.755286992
87.800000 -1.099783897 0.348537862 0.962977350 0.017952396 0.613278627 -0.226106733 0.756599486
88.000000 -1.093041539 0.351059377 0.969155371 0.016983474 0.613481700 -0.226355538 0.756382763
88.200000 -1.087510467 0.353332162 0.976140380 0.016819151 0.614162624 -0.225898415 0.755970478
88.400000 -1.080304503 0.354495406 0.981825113 0.017656237 0.614538312 -0.225091696 0.755886674
88.600000 -1.073992014 0.357059032 0.987450600 0.018779175 0.615308821 -0.225198373 0.755200624
88.800000 -1.067464709 0.359481126 0.993522167 0.019877775 0.616292417 -0.223410204 0.754901588
89.000000 -1.061328173 0.361813247 1.000114918 0.020833278 0.616834760 -0.220526174 0.755280793
89.200000 -1.054175496 0.364339262 1.006295323 0.023021836 0.616144478 -0.218412966 0.756393909
89.400000 -1.048046112 0.365935832 1.011827350 0.025493676 0.615221739 -0.215876713 0.757792532
89.600000 -1.042219639 0.368067235 1.017975211 0.027742479 0.616014957 -0.215326741 0.757225454
89.800000 -1.036183357 0.370733321 1.023996830 0.028631542 0.619684398 -0.218346283 0.753323615
90.000000 -1.029686689 0.372566223 1.029719472 0.028027937 0.627476871 -0.223755196 0.745265603
90.200000 -1.023731589 0.374323785 1.035017133 0.026641456 0.635690033 -0.230261222 0.736320734
90.400000 -1.017661929 0.376726866 1.041789055 0.024593137 0.645011008 -0.235566333 0.726542830
90.600000 -1.011634588 0.378696203 1.047497869 0.021842191 0.651748180 -0.238792241 0.719531417
90.800000 -1.006495237 0.381796360 1.053442955 0.018894283 0.657059789 -0.241023362 0.714019060
91.000000 -1.001163602 0.384559780 1.060142159 0.017812278 0.661597013 -0.243772596 0.708905518
91.200000 -0.995074451 0.385325521 1.065175533 0.017877024 0.666422963 -0.246713519 0.703344345
91.400000 -0.990698636 0.386602193 1.070739269 0.019282071 0.670159221 -0.249199003 0.698866725
91.600000 -0.986461103 0.388573557 1.076751709 0.021305718 0.674672961 -0.250623912 0.693938136
91.800000 -0.981928587 0.391422957 1.083124638 0.021543382 0.679050863 -0.252020031 0.689138293
92.000000 -0.976552010 0.393585891 1.088802457 0.020677190 0.681820333 -0.253131211 0.686016083
92.200000 -0.972236037 0.395465136 1.095607519 0.019438202 0.683899581 -0.252984494 0.684033871
92.400000 -0.966360390 0.397615045 1.101361632 0.019185005 0.684261978 -0.251349717 0.684281170
92.600000 -0.963261008 0.400181264 1.107739687 0.018031128 0.682321966 -0.248561785 0.687261701
92.800000 -0.959276617 0.403125077 1.115057111 0.015243493 0.680643022 -0.247061938 0.689531088
93.000000 -0.952728093 0.405388892 1.120768905 0.009960866 0.678734660 -0.247336715 0.691407681
93.200000 -0.948057175 0.408089787 1.126560450 0.004497828 0.679711819 -0.247624695 0.690401018
93.400000 -0.942952931 0.410187900 1.133634448 -0.000059795 0.683521271 -0.247517437 0.686683238
93.600000 -0.938544393 0.412390828 1.139107823 -0.002262152 0.687556446 -0.247039944 0.682812095
93.800000 -0.933914959 0.414378107 1.145473361 -0.002365547 0.688297808 -0.247884050 0.681757987
94.000000 -0.927598596 0.416683584 1.151394844 -0.000696893 0.684046388 -0.248500213 0.685804427
94.200000 -0.923370898 0.418568373 1.156880975 -0.000268459 0.677152634 -0.247271612 0.693051934
94.400000 -0.917219639 0.420294017 1.163003802 -0.001212094 0.669345081 -0.243154421 0.702033937
94.600000 -0.911943018 0.422865331 1.168513536 -0.005387348 0.661926985 -0.237717152 0.710854530
94.800000 -0.906805456 0.425311536 1.174334407 -0.010874400 0.656356215 -0.234441698 0.717018366
95.000000 -0.901082873 0.428552330 1.179808021 -0.015126635 0.652612269 -0.234183535 0.720434904
95.200000 -0.895437539 0.430737436 1.184204340 -0.014474839 0.651358962 -0.237563819 0.720475852
95.400000 -0.891825676 0.431375563 1.189190984 -0.008185928 0.658648252 -0.242913216 0.712115586
95.600000 -0.888312101 0.431839973 1.194843173 -0.001428181 0.671014667 -0.244994164 0.699796438
95.800000 -0.885362029 0.432636201 1.201192498 0.003726468 0.682262301 -0.245276034 0.688726306
96.000000 -0.883016109 0.433646053 1.206685901 0.009586859 0.691308141 -0.248456255 0.678432465
96.200000 -0.879527986 0.434687376 1.210890651 0.015077124 0.697353065 -0.256941170 0.668918967
96.400000 -0.874776304 0.435841471 1.215892434 0.019996699 0.701358438 -0.269839764 0.659456551
96.600000 -0.871465027 0.437521011 1.221012712 0.022556322 0.704274476 -0.284496009 0.650039017
96.800000 -0.868026018 0.438757390 1.226116657 0.022114972 0.707546711 -0.295103639 0.641718328
97.000000 -0.863814354 0.441106796 1.231434822 0.019484114 0.712024391 -0.301156342 0.633992374
97.200000 -0.859867692 0.443195343 1.236510754 0.017995322 0.717138529 -0.303667694 0.627036154
97.400000 -0.855529368 0.445317835 1.241139293 0.017219456 0.721655905 -0.305539459 0.620936334
97.600000 -0.850647748 0.447669178 1.245401144 0.018007863 0.724142134 -0.307675570 0.616951883
97.800000 -0.846203506 0.449609488 1.250612020 0.021232352 0.726410151 -0.309076905 0.613472760
98.000000 -0.842648625 0.451428354 1.255243182 0.026468672 0.730153024 -0.309345931 0.608671486
98.200000 -0.838532686 0.452905864 1.260276318 0.031419564 0.736435175 -0.309579283 0.600696802
98.400000 -0.834486842 0.454677641 1.266188860 0.036095560 0.744629502 -0.309482127 0.590292096
98.600000 -0.830024481 0.456476063 1.270565987 0.038407858 0.751739979 -0.312223464 0.579593241
98.800000 -0.826076567 0.457572430 1.274421811 0.037724450 0.755840242 -0.315542012 0.572464526
99.000000 -0.820936799 0.458708912 1.277667761 0.036744636 0.758040845 -0.317475110 0.568536341
99.200000 -0.816438198 0.460964710 1.281742334 0.035641652 0.760277748 -0.316967487 0.565896749
99.400000 -0.811509967 0.462609023 1.285154700 0.034057256 0.762946129 -0.314159423 0.563965559
99.600000 -0.808032453 0.463072062 1.287512660 0.033282991 0.764931560 -0.309725642 0.563774705
99.800000 -0.804202318 0.464396536 1.287736416 0.032756682 0.764030457 -0.308812350 0.565525830
100.000000 -0.801219642 0.464277655 1.287017345 0.031952277 0.760030687 -0.309943497 0.570322156
100.200000 -0.796954274 0.463231444 1.286968708 0.031963062 0.755291820 -0.310697496 0.576176822
100.400000 -0.792863429 0.463879913 1.285860538 0.032929014 0.750788271 -0.311949074 0.581309259
100.600000 -0.789293408 0.463128328 1.284291863 0.033879213 0.748029709 -0.311385810 0.585100591
100.800000 -0.784228802 0.464253515 1.283284068 0.036159966 0.746708870 -0.312983662 0.585798383
101.000000 -0.779137135 0.464528501 1.283197999 0.036888596 0.745042741 -0.316716939 0.585867763
101.200000 -0.774604976 0.465020716 1.283123851 0.035409562 0.743413091 -0.321006685 0.585694432
101.400000 -0.771179020 0.464860141 1.282642961 0.031904165 0.743562579 -0.322183996 0.585059285
101.600000 -0.767727256 0.466111213 1.281849980 0.028506024 0.746213496 -0.320005089 0.583052039
101.800000 -0.763289571 0.467524946 1.281854272 0.026198387 0.751091599 -0.313094050 0.580643833
102.000000 -0.758781672 0.468242943 1.282909632 0.023448050 0.756229699 -0.303984553 0.578930259
102.200000 -0.754919112 0.469150394 1.284108520 0.021552317 0.758354783 -0.296296597 0.580208540
102.400000 -0.751122534 0.469820291 1.285629869 0.019202333 0.756721735 -0.292046458 0.584561646
102.600000 -0.746573389 0.470405608 1.287124991 0.016431091 0.754402399 -0.292534113 0.587393224
102.800000 -0.740590930 0.471261024 1.288952589 0.015925629 0.754425883 -0.296761692 0.585252404
103.000000 -0.735583842 0.472706497 1.290795922 0.015612763 0.762502074 -0.299221724 0.573422313
103.200000 -0.731309295 0.474299312 1.294451356 0.017615160 0.777938008 -0.295318156 0.554336786
103.400000 -0.727588832 0.475928754 1.299864411 0.020879203 0.790105879 -0.293364912 0.537804663
103.600000 -0.724007487 0.477213442 1.304436684 0.026299024 0.796427190 -0.297267139 0.525969923
103.800000 -0.719889820 0.478580534 1.308846831 0.031740740 0.793495834 -0.310524911 0.522428215
104.000000 -0.715914905 0.478560567 1.313755512 0.035245873 0.785464406 -0.325700313 0.525093019
104.200000 -0.712126970 0.479281634 1.319351673 0.038948108 0.776892960 -0.338346928 0.529567480
104.400000 -0.709550917 0.480389982 1.324271679 0.041821115 0.770175040 -0.344213337 0.535349011
104.600000 -0.706645966 0.482330769 1.330301523 0.044238217 0.766686022 -0.346200258 0.538869977
104.800000 -0.704170763 0.484255940 1.335121036 0.046115901 0.765093744 -0.347109407 0.540388644
105.000000 -0.702139258 0.485585541 1.339249372 0.047556881 0.764106572 -0.348021746 0.541073263
105.200000 -0.697660446 0.487806797 1.345111132 0.049692035 0.763054430 -0.351372033 0.540200293
105.400000 -0.693899632 0.488971978 1.349909544 0.052158549 0.761677086 -0.354233027 0.540042996
105.600000 -0.690227151 0.489783227 1.354709983 0.054305837 0.762178123 -0.355606198 0.538218915
105.800000 -0.686445117 0.491388083 1.359358191 0.054748606 0.763521552 -0.356413335 0.535730243
106.000000 -0.682936668 0.493348002 1.364300132 0.053757917 0.765386939 -0.356869519 0.532857478
106.200000 -0.679212451 0.494987339 1.368582964 0.052271653 0.767633319 -0.356834888 0.529788375
106.400000 -0.674459398 0.497179061 1.372664452 0.051350210 0.768286407 -0.357990384 0.528149724
106.600000 -0.669770896 0.498841405 1.377438188 0.051117647 0.768894434 -0.359839350 0.526026607
106.800000 -0.665812612 0.499994248 1.381781697 0.049779009 0.771134913 -0.361164957 0.521950960
107.000000 -0.661863208 0.501664340 1.386553884 0.047652546 0.775019944 -0.361214608 0.516330600
107.200000 -0.657655835 0.503710210 1.391116023 0.044084795 0.779962599 -0.360823661 0.509432137
107.400000 -0.653713644 0.505299211 1.395385385 0.039919216 0.784902871 -0.359789610 0.502877057
107.600000 -0.649099231 0.507361531 1.399393439 0.037621893 0.788757801 -0.359929323 0.496886969
107.800000 -0.645203769 0.508718133 1.402075648 0.039727334 0.791314900 -0.361840218 0.491237402
108.000000 -0.641395509 0.509127617 1.406017184 0.044258602 0.794892967 -0.364000529 0.483414948
108.200000 -0.638250232 0.509425104 1.409575462 0.049423881 0.796426833 -0.366683930 0.478335142
108.400000 -0.634684205 0.511641502 1.414052129 0.051930748 0.796306372 -0.370630801 0.475218028
108.600000 -0.631594956 0.512848198 1.417463660 0.050660398 0.793047726 -0.373912036 0.478224427
108.800000 -0.627842605 0.513406873 1.420719266 0.044713188 0.787966251 -0.375439703 0.485957682
109.000000 -0.623152256 0.515176952 1.423418999 0.039353311 0.782675505 -0.376556516 0.494039983
109.200000 -0.619575381 0.516126990 1.426494479 0.035468239 0.781477809 -0.374023020 0.498137683
109.400000 -0.615750372 0.517184138 1.429750919 0.035211865 0.783533335 -0.370133489 0.497832090
109.600000 -0.612101316 0.517974496 1.432691336 0.037887506 0.787375808 -0.366383970 0.494334489
109.800000 -0.609558105 0.518439472 1.435608745 0.041074835 0.790434062 -0.365674436 0.489702970
110.000000 -0.605409920 0.519262671 1.438674808 0.042139396 0.791074991 -0.368434757 0.486497998
110.200000 -0.602315545 0.519418895 1.440320015 0.041064199 0.789775848 -0.373059899 0.485174268
110.400000 -0.599775016 0.520554781 1.443083167 0.039577432 0.789784133 -0.376081049 0.482946873
110.600000 -0.596759796 0.521451652 1.445905328 0.037682116 0.791914701 -0.375247478 0.480250478
110.800000 -0.593965828 0.522695184 1.450121284 0.035309322 0.796111405 -0.371023268 0.476761550
111.000000 -0.590696871 0.524560332 1.453609943 0.032835390 0.800465107 -0.368309259 0.471726328
111.200000 -0.587977409 0.525125742 1.458499551 0.028669290 0.804647267 -0.365084678 0.467369229
111.400000 -0.584213018 0.526115119 1.462275267 0.025151823 0.806979239 -0.362837255 0.465296656
111.600000 -0.580331922 0.527997851 1.465623736 0.023124047 0.807976842 -0.360648066 0.465372622
111.800000 -0.577022970 0.529549599 1.469058156 0.021424431 0.809194863 -0.355357826 0.467402995
112.000000 -0.573547840 0.530898333 1.473000884 0.019465815 0.810924888 -0.348189414 0.469878852
112.200000 -0.569983125 0.532602310 1.477081060 0.016108682 0.813666284 -0.344140142 0.468247056
112.400000 -0.566363633 0.533684194 1.481067300 0.012382652 0.817609131 -0.342276633 0.462826818
112.600000 -0.563022137 0.534335017 1.483783841 0.009172849 0.821119785 -0.340941250 0.457643121
112.800000 -0.559586763 0.536280155 1.486169338 0.007820846 0.823578358 -0.340924263 0.453241885
113.000000 -0.556894541 0.537734687 1.488968372 0.008688590 0.825431049 -0.338711947 0.451511204
113.200000 -0.554497838 0.538937747 1.491477251 0.009713643 0.826026201 -0.334708869 0.453383327
113.400000 -0.552955270 0.539690793 1.493354797 0.008976161 0.826304078 -0.329608053 0.456617594
113.600000 -0.552076995 0.539677799 1.495497704 0.006749307 0.826940358 -0.325118959 0.458717436
113.800000 -0.551692128 0.539723814 1.496610165 0.002300935 0.827571988 -0.322618276 0.459387302
114.000000 -0.551291645 0.539319158 1.497525334 -0.003426789 0.829709291 -0.318372905 0.458486021
114.200000 -0.551150501 0.539882779 1.498382568 -0.009584201 0.833501399 -0.315030813 0.453805178
114.400000 -0.549190760 0.541995347 1.498245358 -0.013841056 0.837483585 -0.315070331 0.446273804
114.600000 -0.547096848 0.542246699 1.497931004 -0.016256370 0.840962172 -0.315533429 0.439268768
114.800000 -0.544432223 0.542013884 1.496728539 -0.014783797 0.842066765 -0.320337862 0.433691919
115.000000 -0.541300833 0.541623652 1.494871259 -0.010897675 0.840867341 -0.329123288 0.429535985
115.200000 -0.538569987 0.540342033 1.494138241 -0.006218992 0.838629365 -0.337539077 0.427468747
115.400000 -0.535284281 0.540035486 1.493610144 -0.001981675 0.836925387 -0.343761265 0.425887555
115.600000 -0.531149328 0.539812684 1.493189454 0.000878197 0.836381376 -0.347587734 0.423849225
115.800000 -0.526997983 0.538981974 1.493235111 0.001389242 0.837617934 -0.348072797 0.420998335
116.000000 -0.522326171 0.539112866 1.493504524 0.003216070 0.840472519 -0.346923530 0.416220784
116.200000 -0.517987132 0.539398849 1.494050622 0.005467711 0.843542039 -0.344655365 0.411848992
116.400000 -0.512705505 0.540000319 1.494427919 0.009265454 0.845333755 -0.343234688 0.409285903
116.600000 -0.507761121 0.540123999 1.494659185 0.014299417 0.845737398 -0.342855871 0.408624113
116.800000 -0.502786636 0.540147305 1.496098757 0.019143719 0.846249938 -0.344116837 0.406298101
117.000000 -0.498475105 0.540785193 1.498394847 0.023432657 0.846178412 -0.347118765 0.403660268
117.200000 -0.493716717 0.542122424 1.500014901 0.027472910 0.844083071 -0.352767378 0.402894676
117.400000 -0.490232676 0.542386770 1.503482223 0.029582353 0.841659963 -0.356464893 0.404556602
117.600000 -0.487840027 0.543080986 1.506257772 0.029275022 0.838530362 -0.359454572 0.408414155
117.800000 -0.485791177 0.544854045 1.508108735 0.026577497 0.836486876 -0.360671312 0.411703229
118.000000 -0.483519405 0.545899034 1.511070371 0.021606479 0.837389290 -0.358029991 0.412464380
118.200000 -0.481782794 0.547442615 1.515060663 0.016677596 0.839355588 -0.355491430 0.410889119
118.400000 -0.479688913 0.548292398 1.518328071 0.012911892 0.840522707 -0.355167001 0.408914745
118.600000 -0.477516592 0.549425364 1.521739125 0.012073426 0.840590656 -0.356587917 0.407561898
118.800000 -0.475996554 0.550368249 1.523987651 0.013303539 0.839778006 -0.360536486 0.405720800
119.000000 -0.472676903 0.552200556 1.527628899 0.015575245 0.840384066 -0.364593655 0.400728703
119.200000 -0.470623702 0.552301407 1.532554626 0.017453719 0.841424167 -0.365112603 0.397986799
119.400000 -0.468415916 0.554068744 1.537519693 0.018147316 0.842219114 -0.365557581 0.395860195
119.600000 -0.466173559 0.554789662 1.542898655 0.016790530 0.843431950 -0.365126818 0.393729687
119.800000 -0.463618755 0.556746006 1.546087027 0.016554112 0.843293488 -0.366103530 0.393128812
120.000000 -0.460854650 0.558136940 1.549847722 0.017626364 0.843496025 -0.367499381 0.391341180
120.200000 -0.457704872 0.559839129 1.552293301 0.019175816 0.842828214 -0.372071683 0.388375580
120.400000 -0.455193162 0.560480893 1.555882215 0.021504913 0.842507660 -0.377255827 0.383922458
120.600000 -0.452355713 0.560884476 1.559428453 0.022963019 0.840877950 -0.386041135 0.378641307
120.800000 -0.449102134 0.562119782 1.563955784 0.023660293 0.838659823 -0.397640765 0.371445477
121.000000 -0.445403218 0.563390732 1.567991018 0.025536375 0.834610879 -0.410813302 0.366066813
121.200000 -0.442218810 0.563966870 1.570879459 0.028487843 0.828919590 -0.422699898 0.365247279
121.400000 -0.437495857 0.566045105 1.572913170 0.031784177 0.822304904 -0.433590204 0.367156476
121.600000 -0.433751732 0.567486286 1.575004697 0.032067329 0.816785514 -0.437644213 0.374567330
121.800000 -0.430275887 0.568653405 1.577550411 0.030962504 0.816504359 -0.437357426 0.375606716
122.000000 -0.427786380 0.569038987 1.580817223 0.033457585 0.822195351 -0.431887269 0.369254410
122.200000 -0.424279958 0.570764482 1.584015965 0.038133394 0.829851031 -0.423779607 0.360976398
122.400000 -0.421399981 0.572429657 1.588119507 0.043421675 0.837816298 -0.415901870 0.351004362
122.600000 -0.418583333 0.573001146 1.591517329 0.045903973 0.842843294 -0.409897178 0.345676541
122.800000 -0.415327340 0.574127674 1.592988014 0.047657799 0.843577385 -0.413995624 0.338693768
123.000000 -0.412221462 0.575005352 1.595111609 0.048746567 0.843313217 -0.418284535 0.333893061
123.200000 -0.408875406 0.575534105 1.597499371 0.047581289 0.843791485 -0.421339154 0.328976035
123.400000 -0.406071782 0.576669633 1.599702239 0.045568254 0.845019400 -0.422161490 0.325031281
123.600000 -0.402783751 0.577878833 1.603555679 0.041788064 0.847078145 -0.422069103 0.320265561
123.800000 -0.399802834 0.578978121 1.606849670 0.038319279 0.848247886 -0.422201157 0.317416728
124.000000 -0.396658063 0.580106676 1.610631108 0.036711264 0.847448409 -0.425593823 0.315203696
124.200000 -0.393573940 0.580527544 1.613139749 0.036957055 0.843924105 -0.433618098 0.313690424
124.400000 -0.390561134 0.580194592 1.615283608 0.037958968 0.839341760 -0.442449987 0.313532233
124.600000 -0.388008982 0.580425322 1.616765499 0.038205203 0.834851861 -0.450250983 0.314383179
124.800000 -0.384917051 0.581882119 1.616930127 0.034275338 0.835272193 -0.448514372 0.316196829
125.000000 -0.382418185 0.583155930 1.619242311 0.028542485 0.844072223 -0.431439996 0.317154497
125.200000 -0.380526513 0.584645689 1.620946169 0.025183385 0.855388761 -0.409149438 0.316658586
125.400000 -0.379195333 0.585465848 1.623454094 0.023556873 0.867896080 -0.384288341 0.313885123
125.600000 -0.379424423 0.586363018 1.624267578 0.021829613 0.879408538 -0.360532820 0.310129315
125.800000 -0.379244566 0.586617053 1.624754548 0.018383887 0.890191197 -0.338454843 0.304417372
126.000000 -0.379748464 0.587056100 1.625012159 0.014655517 0.898778260 -0.320788294 0.298458934
126.200000 -0.380399227 0.587555885 1.624243259 0.009788775 0.904316902 -0.309886456 0.293403447
126.400000 -0.380797565 0.586766124 1.623283267 0.010753194 0.900597394 -0.320969880 0.292894453
126.600000 -0.381375074 0.585028052 1.623043418 0.018940132 0.889123380 -0.351572096 0.292400122
126.800000 -0.380998403 0.584333062 1.621993780 0.027368594 0.876087129 -0.384367138 0.289800197
127.000000 -0.381296128 0.582563579 1.623526812 0.033098146 0.865410745 -0.410072893 0.286022782
127.200000 -0.381488711 0.581628740 1.624169469 0.037101060 0.856317759 -0.430048168 0.283552468
127.400000 -0.381460428 0.581380606 1.623353601 0.039958030 0.849624693 -0.443080366 0.283233166
127.600000 -0.381542265 0.581312716 1.622970343 0.040043067 0.847640693 -0.446131766 0.284373552
127.800000 -0.381330997 0.581383765 1.623065948 0.037917200 0.850657642 -0.439656466 0.285737872
128.000000 -0.380552381 0.582114458 1.623355746 0.034413222 0.856897354 -0.426796764 0.287031740
128.200000 -0.380832970 0.582424998 1.623295069 0.030294811 0.863998473 -0.410982579 0.289278686
128.400000 -0.380822569 0.583512425 1.622695923 0.026326133 0.870222330 -0.396351784 0.291419506
128.600000 -0.381043345 0.584198773 1.622807384 0.022780031 0.876011431 -0.382109731 0.293389171
128.800000 -0.380522341 0.586234927 1.620703816 0.020583132 0.880404055 -0.370291829 0.295548469
129.000000 -0.380725414 0.587108910 1.620334744 0.017400648 0.885437012 -0.356711030 0.297414958
129.200000 -0.380143791 0.588518560 1.619394302 0.014594337 0.890174985 -0.344290465 0.298059672
129.400000 -0.379871875 0.589521289 1.618883371 0.011756906 0.895286262 -0.330898672 0.298044324
129.600000 -0.379639626 0.590506613 1.618342876 0.007999302 0.900967002 -0.316374004 0.296819836
129.800000 -0.380050987 0.591938078 1.617060542 0.003855073 0.906626761 -0.300599545 0.296062529
130.000000 -0.378900975 0.594580650 1.615301490 -0.000320900 0.912308276 -0.284892827 0.294159174
130.200000 -0.378799558 0.595870912 1.613861203 -0.005967941 0.917482257 -0.268735737 0.293209523
130.400000 -0.378854066 0.596067846 1.613397241 -0.010895897 0.921352386 -0.255313605 0.292926759
130.600000 -0.379555941 0.596621573 1.613290548 -0.013851414 0.922515392 -0.249742702 0.293942273
130.800000 -0.379526615 0.596379042 1.612695575 -0.012931138 0.920279503 -0.254839689 0.296606123
131.000000 -0.379545331 0.593804002 1.613620520 -0.008610326 0.914993107 -0.270072252 0.299623817
131.200000 -0.380112708 0.590821266 1.614556432 -0.002432779 0.907110214 -0.292900771 0.302248657
131.400000 -0.379420996 0.587735951 1.616068721 0.005067192 0.897292018 -0.321527272 0.302426100
131.600000 -0.379514366 0.584859133 1.617488623 0.012155600 0.885499060 -0.352528274 0.302435875
131.800000 -0.379548550 0.582876861 1.618706703 0.019957419 0.872257352 -0.384588331 0.301430970
132.000000 -0.379839838 0.581503928 1.619794250 0.027707547 0.858985245 -0.413318932 0.300905466
132.200000 -0.379247397 0.579945922 1.622406483 0.033771180 0.848676324 -0.434377402 0.299873650
132.400000 -0.378945708 0.580314398 1.624018908 0.038194176 0.842311502 -0.445629954 0.300776511
132.600000 -0.378656566 0.581740916 1.625313759 0.038941756 0.846258640 -0.435122550 0.304955959
132.800000 -0.378676891 0.583202302 1.625994682 0.036209486 0.856458485 -0.411924154 0.309008509
133.000000 -0.375984579 0.585586488 1.627025604 0.030726690 0.868528545 -0.387897164 0.307001323
133.200000 -0.374696672 0.586612821 1.626692057 0.022418261 0.879763186 -0.364368469 0.304548413
133.400000 -0.374044478 0.587935507 1.624755740 0.011407797 0.890246868 -0.341104805 0.301625371
133.600000 -0.371511459 0.589731514 1.622014284 0.000009228 0.900637150 -0.318090469 0.296093166
133.800000 -0.370380133 0.591682732 1.620664597 -0.010601695 0.911470056 -0.292365551 0.289192617
134.000000 -0.369670510 0.593022048 1.620715857 -0.018504845 0.921231210 -0.268194973 0.281179667
134.200000 -0.369330198 0.593735754 1.621393323 -0.022057369 0.928397179 -0.250562221 0.273515373
134.400000 -0.367863238 0.595598280 1.622882724 -0.019053593 0.931777179 -0.244128317 0.268010348
134.600000 -0.366709530 0.596469522 1.624603868 -0.013494406 0.931060731 -0.248341247 0.266965330
134.800000 -0.365561306 0.595135152 1.627442598 -0.006622592 0.924627602 -0.265851051 0.272659421
135.000000 -0.361822933 0.594324827 1.631099701 0.001833699 0.915131211 -0.290388197 0.279653639
135.200000 -0.359366089 0.593146741 1.634533286 0.010824244 0.902814686 -0.316982299 0.290397495
135.400000 -0.356701821 0.592565238 1.637060881 0.018711755 0.889026701 -0.342854768 0.302873045
135.600000 -0.355423242 0.591053188 1.640504122 0.023782216 0.876361907 -0.359907895 0.319203049
135.800000 -0.352982610 0.590463519 1.643521428 0.026663631 0.865201414 -0.368516982 0.338984966
136.000000 -0.351668119 0.590617001 1.644132972 0.025886636 0.855551362 -0.369415760 0.361792445
136.200000 -0.351209730 0.590519428 1.644552708 0.022271030 0.849166989 -0.364569247 0.381455928
136.400000 -0.350807071 0.591935933 1.644260645 0.018503040 0.845412195 -0.360466570 0.393700033
136.600000 -0.349848121 0.592759788 1.644367337 0.015274798 0.844558239 -0.357005477 0.398792088
136.800000 -0.348254889 0.593557179 1.645049095 0.012535956 0.846653700 -0.351908296 0.398974806
137.000000 -0.346465498 0.595269680 1.647275686 0.010129623 0.850973308 -0.343210369 0.397427291
137.200000 -0.343695045 0.597483993 1.648987532 0.006863865 0.856505871 -0.330907524 0.396043897
137.400000 -0.341918409 0.599925399 1.650447845 0.001479764 0.862318277 -0.315530926 0.396036834
137.600000 -0.340121239 0.602373898 1.651560187 -0.006312381 0.867176592 -0.300735980 0.396891356
137.800000 -0.338682473 0.604856193 1.652988076 -0.011671025 0.869763553 -0.288318992 0.400309116
138.000000 -0.338748664 0.603498936 1.654642940 -0.014898332 0.869515896 -0.280413061 0.406311214
138.200000 -0.337465972 0.602148414 1.657738328 -0.012824532 0.867012262 -0.280244589 0.411810964
138.400000 -0.336490363 0.599687278 1.659843922 -0.006084215 0.861789465 -0.291412324 0.415163547
138.600000 -0.335848957 0.597653985 1.661736727 0.002257550 0.854604661 -0.308168799 0.417944789
138.800000 -0.333910763 0.596816719 1.661960483 0.012551757 0.844054639 -0.329999208 0.422510058
139.000000 -0.332262605 0.596348166 1.663169622 0.023349268 0.831428230 -0.350325942 0.430643260
139.200000 -0.330047637 0.595723033 1.664818287 0.032324813 0.819145441 -0.367382497 0.439301580
139.400000 -0.328864127 0.595618784 1.666426063 0.038395826 0.810474932 -0.377817869 0.445993006
139.600000 -0.327960789 0.596161425 1.666907907 0.040661074 0.808351636 -0.380328596 0.447509170
139.800000 -0.327068001 0.597371578 1.668152571 0.038486309 0.813965023 -0.372170597 0.444374561
140.000000 -0.324878246 0.598893046 1.670348406 0.031614393 0.825008988 -0.353349298 0.439891934
140.200000 -0.323206604 0.600747049 1.672237039 0.018574348 0.837842882 -0.326161057 0.437370867
140.400000 -0.321233183 0.602716744 1.676718116 0.000164557 0.850203097 -0.293951422 0.436746180
140.600000 -0.319630504 0.603381932 1.678704739 -0.018708851 0.858890057 -0.266449422 0.436992645
140.800000 -0.317644775 0.604092360 1.680945635 -0.031579111 0.863251448 -0.253634483 0.435280561
141.000000 -0.346727878 0.538031936 1.694509387 -0.044375718 0.864987671 -0.172993168 0.468935430
141.200000 -0.311856627 0.604179680 1.684457779 -0.016135016 0.849055052 -0.287092924 0.443196207
141.400000 -0.308704764 0.604309916 1.685901046 -0.002874501 0.838531554 -0.309268028 0.448564231
141.600000 -0.305482775 0.604368210 1.689314246 0.007740424 0.829880893 -0.328705847 0.450766355
141.800000 -0.302420408 0.604508042 1.690981746 0.014221349 0.822662532 -0.343182504 0.453045100
142.000000 -0.298621148 0.605263174 1.694260120 0.016272115 0.819449186 -0.349792093 0.453744173
142.200000 -0.295036435 0.607242763 1.697286606 0.011428228 0.821620047 -0.343335390 0.454896361
142.400000 -0.291372389 0.608586609 1.701668978 0.003015755 0.827360630 -0.330016047 0.454482853
142.600000 -0.288588226 0.609948754 1.703874111 -0.004520652 0.831153870 -0.317646027 0.456359267
142.800000 -0.285060018 0.610525131 1.707169890 -0.011514514 0.832922101 -0.306210786 0.460807115
143.000000 -0.281346798 0.611527324 1.710885525 -0.017546685 0.833006978 -0.295683563 0.467292964
143.200000 -0.278340936 0.612709224 1.713845730 -0.022422949 0.832003415 -0.284637094 0.475656629
143.400000 -0.275119901 0.614502907 1.716697574 -0.024906443 0.831305742 -0.274438262 0.482694566
143.600000 -0.271535307 0.616098166 1.719551444 -0.023178244 0.831239820 -0.268947482 0.485973597
143.800000 -0.267487526 0.616578579 1.722390532 -0.014229251 0.828284025 -0.276750416 0.486982912
144.000000 -0.263574034 0.617617726 1.724732518 -0.002078491 0.822854400 -0.292960972 0.486908764
144.200000 -0.259868115 0.617612004 1.726590514 0.010806113 0.815503180 -0.312027633 0.487315625
144.400000 -0.255779088 0.617615044 1.729076505 0.021006161 0.808193088 -0.329842150 0.487428844
144.600000 -0.253010392 0.618171811 1.731026888 0.020473666 0.803057134 -0.336100161 0.491646916
144.800000 -0.249543130 0.619961739 1.734475851 0.016014958 0.802236319 -0.332738340 0.495424658
145.000000 -0.246636063 0.621702075 1.737035394 0.011653427 0.803659499 -0.323657900 0.499240577
145.200000 -0.244198039 0.622815132 1.739935517 0.008120487 0.807949543 -0.313581824 0.498816699
145.400000 -0.241104156 0.624109030 1.742775321 0.006839016 0.814303339 -0.306356609 0.492959470
145.600000 -0.237046018 0.625040233 1.745997310 0.007391506 0.822957098 -0.304972410 0.479248285
145.800000 -0.232075453 0.625635028 1.748977900 0.009957400 0.829902351 -0.309107542 0.464344174
146.000000 -0.227885634 0.626528919 1.751234651 0.012252734 0.834079385 -0.313370526 0.453828573
146.200000 -0.222462624 0.627614498 1.756759167 0.013002518 0.839112699 -0.312785804 0.444843590
146.400000 -0.217204288 0.630289495 1.760846376 0.013104441 0.842489362 -0.311896086 0.439045250
146.600000 -0.212073475 0.632004023 1.764237881 0.014164428 0.845130622 -0.312558562 0.433429092
146.800000 -0.206860170 0.633002520 1.767443061 0.016718389 0.846104741 -0.316284925 0.428708673
147.000000 -0.202269509 0.634281814 1.769904852 0.019598603 0.846168935 -0.321058035 0.424894959
147.200000 -0.197506934 0.635507464 1.773927331 0.022264531 0.847173810 -0.324276358 0.420292377
147.400000 -0.192897975 0.637050152 1.777441859 0.023197409 0.848671734 -0.325830311 0.415996045
147.600000 -0.188303128 0.638011932 1.781654716 0.024220351 0.850459814 -0.325985849 0.412146479
147.800000 -0.183974177 0.638771713 1.785336733 0.025551820 0.851149380 -0.328002632 0.409030735
148.000000 -0.179756522 0.639255106 1.788247228 0.027687313 0.850824535 -0.331371039 0.406846851
148.200000 -0.174342901 0.640765905 1.792888284 0.030083163 0.852236986 -0.333851367 0.401659518
148.400000 -0.169597298 0.641624153 1.796081781 0.030202350 0.853999436 -0.333984613 0.397777766
148.600000 -0.164979517 0.642871618 1.799827695 0.028420137 0.856267869 -0.333286881 0.393595666
148.800000 -0.160413295 0.644158840 1.803584576 0.026249845 0.857883811 -0.333590895 0.389953196
149.000000 -0.155760378 0.644714296 1.808109641 0.024033377 0.859432220 -0.333334267 0.386893928
149.200000 -0.150360525 0.646395445 1.810699701 0.022870163 0.860382378 -0.333844543 0.384404719
149.400000 -0.146341398 0.646963656 1.814121246 0.021317925 0.861821771 -0.331863880 0.382981807
149.600000 -0.141451553 0.647780240 1.816898942 0.020129740 0.864785552 -0.329497010 0.378381312
149.800000 -0.137139753 0.647729933 1.818878889 0.018104883 0.868510544 -0.325918108 0.373013377
150.000000 -0.133187503 0.648249030 1.819868445 0.016968686 0.872488379 -0.322654963 0.366564870
150.200000 -0.129698023 0.648717821 1.819923162 0.015438657 0.875166059 -0.322506428 0.360326976
150.400000 -0.126154751 0.648730278 1.820377588 0.013299185 0.876844227 -0.323161155 0.355716467
150.600000 -0.123540975 0.647803009 1.819448590 0.011579145 0.875214517 -0.325482279 0.357668549
150.800000 -0.119806372 0.647821605 1.818934560 0.010528470 0.872475803 -0.328802854 0.361336142
151.000000 -0.116058752 0.647208273 1.818344593 0.008889790 0.869414032 -0.331697643 0.366083175
151.200000 -0.113182157 0.647271276 1.817562222 0.007165442 0.866725147 -0.332461298 0.371760190
151.400000 -0.109216273 0.647041798 1.817439198 0.006434922 0.865265429 -0.328478158 0.378650725
151.600000 -0.106234811 0.647279620 1.817757845 0.006645781 0.864346266 -0.322429240 0.385876536
151.800000 -0.102203958 0.648350894 1.819222569 0.010930811 0.862794995 -0.312987834 0.396867663
152.000000 -0.098501116 0.648644626 1.820142865 0.019605989 0.861555874 -0.312856942 0.399321526
152.200000 -0.095850147 0.648982465 1.819845557 0.028235963 0.859706640 -0.321847796 0.395627737
152.400000 -0.091365196 0.650734544 1.820621014 0.031932548 0.855815709 -0.338519365 0.389826149
152.600000 -0.087321274 0.653081238 1.821551442 0.018764704 0.854965329 -0.338209689 0.392805755
152.800000 -0.084745102 0.653958440 1.824478626 0.017129200 0.856682837 -0.326277226 0.399179578
153.000000 -0.081056282 0.655360937 1.830849528 0.022487024 0.861941993 -0.309817612 0.400703698
153.200000 -0.078803487 0.656368494 1.836172819 0.027731914 0.865267694 -0.300069898 0.400625497
153.400000 -0.075543739 0.657126844 1.841308951 0.026116665 0.864543736 -0.300035626 0.402318954
153.600000 -0.072134659 0.658864558 1.845809937 0.029058523 0.860033512 -0.302754462 0.409679979
153.800000 -0.068816230 0.660006762 1.850805283 0.034431331 0.856430411 -0.306536496 0.413976848
154.000000 -0.066172130 0.660711527 1.855087042 0.038038280 0.856558144 -0.309824526 0.410937965
154.200000 -0.063709445 0.661740243 1.858877778 0.039856773 0.860345244 -0.311838984 0.401215672
154.400000 -0.059878491 0.663874388 1.863761067 0.039703161 0.866184652 -0.314069688 0.386662662
154.600000 -0.056119051 0.665155232 1.868417978 0.038631361 0.870928824 -0.317784488 0.372831821
154.800000 -0.052532893 0.666502237 1.872225642 0.038337633 0.873304784 -0.323405623 0.362322778
155.000000 -0.049162257 0.667321563 1.875080943 0.037191439 0.873161197 -0.329840720 0.356947422
155.200000 -0.045428704 0.668470442 1.878072023 0.035081606 0.871973097 -0.335360855 0.354915977
155.400000 -0.041295711 0.669375777 1.881230593 0.034007542 0.871405840 -0.338925689 0.353022218
155.600000 -0.036832415 0.670283318 1.884813070 0.034035824 0.872897863 -0.340628147 0.347653985
155.800000 -0.033329498 0.671290755 1.888894081 0.033065405 0.876583099 -0.339696497 0.339286059
156.000000 -0.029508140 0.672815859 1.893032789 0.031546980 0.881598353 -0.337295622 0.328665048
156.200000 -0.026199410 0.674223304 1.896529317 0.029663732 0.886323512 -0.335589468 0.317695379
156.400000 -0.021866819 0.675248027 1.898737431 0.028318545 0.889649987 -0.335786819 0.308168918
156.600000 -0.019119266 0.675677955 1.900035381 0.027183106 0.890578568 -0.338869900 0.302155733
156.800000 -0.015808966 0.675737977 1.901326180 0.023894377 0.891323507 -0.342664868 0.295892358
157.000000 -0.013858213 0.675701380 1.902716994 0.018498266 0.892615676 -0.342798889 0.292205453
157.200000 -0.011573524 0.675605834 1.904990673 0.009578455 0.896758556 -0.333236068 0.291008621
157.400000 -0.009916026 0.676935077 1.906793356 0.001735977 0.905536532 -0.305813879 0.294072092
157.600000 -0.007869555 0.678776503 1.908281803 -0.004181815 0.912708879 -0.279352009 0.298173636
157.800000 -0.006482081 0.680481493 1.909545302 -0.009354780 0.917321444 -0.257300973 0.303694010
158.000000 -0.006523730 0.682298243 1.909749985 -0.013141796 0.919564605 -0.242672414 0.308769137
158.200000 -0.006343658 0.684139550 1.909506440 -0.014529408 0.921385169 -0.235287502 0.308995247
158.400000 -0.007629456 0.684833884 1.908307552 -0.014135939 0.923492789 -0.234231770 0.303474516
158.600000 -0.008576339 0.684272408 1.907561779 -0.012003804 0.927442372 -0.236530900 0.289412647
158.800000 -0.009551604 0.683562636 1.906509757 -0.008430288 0.931662083 -0.241951361 0.270913541
159.000000 -0.010991952 0.683043063 1.905406237 -0.005096957 0.934747696 -0.249361634 0.253060400
159.200000 -0.011385736 0.682283759 1.904890656 -0.001373017 0.935981512 -0.258786261 0.238676369
159.400000 -0.012094589 0.681022048 1.904407740 0.001510311 0.934671819 -0.270705849 0.230444372
159.600000 -0.012232480 0.679686844 1.904592395 0.004408718 0.931099534 -0.285519689 0.226964250
159.800000 -0.012054544 0.677704334 1.905667305 0.007297387 0.926159501 -0.301396489 0.226573393
160.000000 -0.012056401 0.676457107 1.905529618 0.010236704 0.919674039 -0.318910748 0.228890270
160.200000 -0.011540336 0.675169349 1.906664371 0.012355442 0.913122714 -0.334964931 0.232061952
160.400000 -0.010417546 0.674986959 1.907485604 0.014608370 0.905770659 -0.350390524 0.237891942
160.600000 -0.009716856 0.674736917 1.908982277 0.015188162 0.898285747 -0.362436771 0.247975066
160.800000 -0.009027833 0.674613118 1.910534978 0.015097811 0.890720189 -0.370273918 0.263223827
161.000000 -0.007852891 0.675053358 1.912001371 0.015831491 0.883563399 -0.372684449 0.283145458
161.200000 -0.006893856 0.675717711 1.913141727 0.017321372 0.877448678 -0.368936121 0.306055486
161.400000 -0.005877953 0.677238762 1.913824916 0.018485719 0.873112798 -0.360599279 0.327567399
161.600000 -0.005178204 0.678712904 1.913639426 0.018379871 0.871243238 -0.349072278 0.344595373
161.800000 -0.004690793 0.679834425 1.913496137 0.015547469 0.872338116 -0.335327953 0.355443001
162.000000 -0.004519409 0.680894434 1.913377643 0.010445876 0.875448227 -0.321875185 0.360385448
162.200000 -0.004955592 0.682086706 1.912264347 0.004133543 0.878821373 -0.309468389 0.363160044
162.400000 -0.004977913 0.683135211 1.911499262 -0.001294554 0.882115722 -0.297946513 0.364826143
162.600000 -0.005225792 0.683538437 1.911402941 -0.006163829 0.885470033 -0.287069589 0.365370840
162.800000 -0.005305524 0.684947968 1.910788417 -0.008945212 0.888221502 -0.279776156 0.364290953
163.000000 -0.005735668 0.685089171 1.910051227 -0.010161092 0.891600847 -0.273582458 0.360690087
163.200000 -0.006846127 0.684825599 1.909021497 -0.009265760 0.895896375 -0.268897980 0.353521913
163.400000 -0.007297445 0.684768140 1.907914639 -0.006847202 0.901533306 -0.266030133 0.341202050
163.600000 -0.008246145 0.684047878 1.906581640 -0.004182758 0.907683969 -0.264412671 0.325850070
163.800000 -0.009390719 0.683444381 1.905158520 -0.001633665 0.913615227 -0.265066832 0.308292419
164.000000 -0.009791269 0.682654917 1.904642105 0.001144729 0.919082463 -0.267653853 0.289218754
164.200000 -0.010270248 0.682286859 1.903733850 0.004213886 0.922661006 -0.273764491 0.271536112
164.400000 -0.010850704 0.681020379 1.903596044 0.007093674 0.924152851 -0.282014310 0.257602543
164.600000 -0.011869368 0.680366755 1.903050780 0.009777321 0.922713101 -0.293093562 0.250201941
164.800000 -0.011091957 0.678664863 1.903937697 0.012213986 0.919459939 -0.303162903 0.250072896
165.000000 -0.011061125 0.678197622 1.904340267 0.013872209 0.913659573 -0.311921537 0.260266542
165.200000 -0.009929196 0.677898049 1.905762911 0.014114093 0.906596482 -0.317215025 0.277953655
165.400000 -0.008544070 0.678161383 1.906723380 0.012990052 0.897860765 -0.319929391 0.302196115
165.600000 -0.006918776 0.677908540 1.908515811 0.010641091 0.887594581 -0.320620149 0.330553055
165.800000 -0.005775883 0.677804947 1.910411954 0.007670547 0.874829531 -0.320625871 0.363061339
166.000000 -0.003781130 0.678421736 1.911905646 0.004804302 0.859456658 -0.319982708 0.398650527
166.200000 -0.002585749 0.678737640 1.913643479 0.002202744 0.841407955 -0.315197706 0.438951254
166.400000 -0.001329263 0.679591954 1.915464759 0.000125640 0.821497679 -0.305863261 0.481237143
166.600000 0.000073163 0.680694699 1.917523980 -0.001186741 0.801015556 -0.292810231 0.522144318
166.800000 0.001071812 0.681793272 1.919861794 -0.002885860 0.782017529 -0.278067261 0.557780266
167.000000 0.001211212 0.682789326 1.921477914 -0.004180702 0.767162979 -0.264487267 0.584371388
167.200000 0.002003986 0.683307707 1.922894478 -0.006514101 0.760116160 -0.255389601 0.597458899
167.400000 0.002863134 0.684156299 1.923827410 -0.009812707 0.760569453 -0.252193868 0.598194003
167.600000 0.003922634 0.685102999 1.924181938 -0.013316071 0.766205728 -0.255120456 0.589631200
167.800000 0.006657386 0.685594320 1.924996853 -0.014436753 0.774511814 -0.261660367 0.575722933
168.000000 0.010010527 0.685902297 1.925837398 -0.014616949 0.782054484 -0.267841756 0.562528133
168.200000 0.013427391 0.686456442 1.927676558 -0.013492284 0.787790120 -0.272043705 0.552446246
168.400000 0.016074708 0.687683523 1.929057717 -0.012151604 0.792621076 -0.273505598 0.544792414
168.600000 0.019087687 0.688171685 1.931317687 -0.009783957 0.797770143 -0.272559375 0.537753165
168.800000 0.023073912 0.689243019 1.933735013 -0.009051032 0.802845776 -0.272278011 0.530303121
169.000000 0.026242195 0.690184832 1.937554598 -0.008463852 0.807363868 -0.270944893 0.524099946
169.200000 0.029520230 0.692281902 1.941708565 -0.009434996 0.810277402 -0.271623701 0.519212902
169.400000 0.032936152 0.693397760 1.944377780 -0.012457699 0.810037851 -0.273483902 0.518546164
169.600000 0.036928892 0.694054663 1.946979165 -0.016013894 0.808716416 -0.275612533 0.519383430
169.800000 0.040166378 0.694879949 1.949156523 -0.018495053 0.808251381 -0.276821256 0.519381940
170.000000 0.043917809 0.696142495 1.952302575 -0.019710144 0.810270250 -0.275260985 0.517015517
170.200000 0.047457214 0.697068214 1.955711842 -0.020590929 0.813496590 -0.270094275 0.514634192
170.400000 0.051158693 0.698758185 1.959563494 -0.019795474 0.816993117 -0.264581174 0.511983633
170.600000 0.054672249 0.699761629 1.962982535 -0.018407868 0.819233835 -0.261228293 0.510173321
170.800000 0.058343787 0.700606942 1.965181947 -0.017370678 0.819734991 -0.260890841 0.509577036
171.000000 0.062408943 0.702024817 1.967939854 -0.017577533 0.819733262 -0.263450921 0.508253932
171.200000 0.066034585 0.702337265 1.970585823 -0.018324411 0.819474936 -0.264911115 0.507884920
171.400000 0.070082597 0.703573942 1.974113822 -0.019303443 0.820802569 -0.264497638 0.505916476
171.600000 0.074243732 0.705109954 1.978086114 -0.020604035 0.823025405 -0.263404071 0.502815008
171.800000 0.078456715 0.706380606 1.982050776 -0.022260958 0.826141119 -0.262169421 0.498259544
172.000000 0.082611144 0.707628965 1.985882759 -0.023800800 0.829014242 -0.263531327 0.492666394
172.200000 0.086929940 0.708940625 1.989372134 -0.025644751 0.830267966 -0.266345620 0.488934964
172.400000 0.090986155 0.710457087 1.992991567 -0.025780808 0.830124140 -0.268683136 0.487892061
172.600000 0.094946265 0.711463451 1.997204065 -0.024516812 0.830919325 -0.268544823 0.486678123
172.800000 0.099240892 0.712770104 2.001545429 -0.022824522 0.833134174 -0.265990019 0.484371543
173.000000 0.103626058 0.714549065 2.006664038 -0.021993121 0.836830974 -0.262530893 0.479903966
173.200000 0.107253619 0.715727150 2.010491848 -0.021386869 0.840275526 -0.259882659 0.475332052
173.400000 0.111977190 0.717122138 2.013813257 -0.021316992 0.842130542 -0.260172099 0.471881539
173.600000 0.116450362 0.717994452 2.017378569 -0.020851405 0.842916846 -0.261973590 0.469495595
173.800000 0.120691076 0.718773484 2.021053553 -0.019392932 0.844397724 -0.263152242 0.466226608
174.000000 0.125248045 0.719820976 2.025151014 -0.018176140 0.847125828 -0.262818456 0.461490899
174.200000 0.130145371 0.721927404 2.029354334 -0.018118663 0.850671768 -0.262560636 0.455072612
174.400000 0.134581506 0.723096490 2.033795595 -0.018141730 0.853892446 -0.262319714 0.449140161
174.600000 0.139646038 0.724101126 2.038138628 -0.018616043 0.854933143 -0.263030529 0.446718901
174.800000 0.144514650 0.725179255 2.041008949 -0.018131314 0.851756215 -0.265713245 0.451197326
175.000000 0.149653345 0.726495445 2.045076132 -0.015899446 0.847657681 -0.267910242 0.457654595
175.200000 0.154508263 0.726900637 2.049889565 -0.014481942 0.845365942 -0.267415106 0.462207615
175.400000 0.158942878 0.728024125 2.054776669 -0.015765673 0.845191598 -0.264994383 0.463875681
175.600000 0.163029045 0.729802012 2.058794975 -0.018736778 0.846090734 -0.262287050 0.463664681
175.800000 0.167848229 0.731365144 2.063473225 -0.021191437 0.846825361 -0.259580165 0.463741124
176.000000 0.172324032 0.732799888 2.066991806 -0.021496421 0.844870806 -0.257756740 0.468286961
176.200000 0.176960260 0.734422088 2.070986509 -0.017704125 0.842199206 -0.257085949 0.473596752
176.400000 0.180931956 0.735837758 2.074169159 -0.012197240 0.840734184 -0.256723076 0.476561159
176.600000 0.185084328 0.736234844 2.078129530 -0.009028005 0.842458129 -0.255876392 0.474035949
176.800000 0.189188793 0.737461030 2.082165956 -0.009311092 0.845376015 -0.255006284 0.469280750
177.000000 0.193644017 0.738562047 2.086154461 -0.012622404 0.847831488 -0.254303366 0.465136796
177.200000 0.197895244 0.739708245 2.090253115 -0.016494576 0.848726749 -0.253745884 0.463685066
177.400000 0.202440649 0.741563737 2.093424559 -0.019216314 0.847464859 -0.253695697 0.465910405
177.600000 0.206479326 0.742021084 2.096282721 -0.020073846 0.845455110 -0.253013402 0.469879687
177.800000 0.210926637 0.742721200 2.099567890 -0.020336680 0.844494283 -0.252447128 0.471896499
178.000000 0.215091303 0.744067490 2.103279591 -0.020027056 0.844414771 -0.250807643 0.472925127
178.200000 0.219811425 0.746044278 2.107933044 -0.020872450 0.845357120 -0.248857707 0.472234637
178.400000 0.224307507 0.747476876 2.111876249 -0.021843174 0.846027076 -0.248425722 0.471217334
178.600000 0.228586510 0.748592019 2.115067720 -0.022669947 0.845051467 -0.249317333 0.472456366
178.800000 0.233753324 0.750368595 2.119005203 -0.022706188 0.843173623 -0.250556737 0.475146383
179.000000 0.237816662 0.751829565 2.122870684 -0.021960037 0.841213703 -0.250552267 0.478644758
179.200000 0.242489234 0.752675474 2.128083229 -0.020173790 0.840786874 -0.248122185 0.480734676
179.400000 0.246782005 0.754365742 2.133149147 -0.020543486 0.841728866 -0.244580805 0.480885297
179.600000 0.251148313 0.755818963 2.138176680 -0.022403536 0.844102859 -0.243045107 0.477407068
179.800000 0.255269170 0.756836772 2.141913891 -0.024965778 0.847778082 -0.243042052 0.470722467
180.000000 0.260089248 0.758482575 2.144797087 -0.027598640 0.851898611 -0.245069355 0.462004393
180.200000 0.264811039 0.759459615 2.148017883 -0.027265297 0.856456816 -0.245916769 0.453059882
180.400000 0.269539595 0.760573506 2.151689768 -0.023132106 0.860193491 -0.244677246 0.446839005
180.600000 0.273864627 0.761627793 2.156121969 -0.018547354 0.862497985 -0.242728889 0.443661869
180.800000 0.278819680 0.761863053 2.160204649 -0.014805696 0.862848103 -0.241697162 0.443684995
181.000000 0.283902586 0.762867391 2.163159370 -0.012287800 0.861901820 -0.242219016 0.445313662
181.200000 0.289154768 0.764106452 2.165391922 -0.014008411 0.861719072 -0.241561040 0.445973337
