1.400000 1.002994 3.525134 6.463898 0.003796 -0.870125 0.408328 0.275927
1.600000 1.004225 3.501882 6.441050 0.001867 -0.871420 0.405847 0.275523
1.800000 1.003405 3.478039 6.399870 0.000680 -0.870607 0.405364 0.278789
2.000000 1.006406 3.458928 6.361304 -0.003475 -0.870089 0.405474 0.280221
2.200000 1.007122 3.439557 6.326707 -0.005780 -0.869320 0.407391 0.279790
2.400000 1.004776 3.419220 6.291125 -0.004736 -0.868130 0.409638 0.280222
2.600000 1.001711 3.398761 6.251712 -0.001937 -0.866415 0.411666 0.282582
2.800000 1.007884 3.375899 6.215307 -0.000101 -0.864506 0.412472 0.287223
3.000000 1.016953 3.353843 6.177643 -0.000830 -0.862779 0.412866 0.291811
3.200000 1.026663 3.334064 6.139274 -0.003960 -0.861362 0.413875 0.294528
3.400000 1.032789 3.314223 6.103091 -0.007684 -0.859719 0.416762 0.295183
3.600000 1.036747 3.295743 6.066848 -0.010598 -0.858464 0.419558 0.294785
3.800000 1.040286 3.273018 6.030982 -0.012677 -0.857211 0.421620 0.295406
4.000000 1.052091 3.252421 5.995409 -0.013470 -0.856058 0.421498 0.298870
4.200000 1.066974 3.233983 5.955437 -0.012747 -0.854858 0.420259 0.304036
4.400000 1.081718 3.215006 5.917576 -0.008842 -0.853703 0.419134 0.308934
4.600000 1.088358 3.196599 5.877316 -0.003781 -0.852595 0.419852 0.311114
4.800000 1.089672 3.176382 5.836092 0.001436 -0.851837 0.421235 0.311341
5.000000 1.094884 3.158073 5.802449 0.003637 -0.851217 0.422601 0.311165
5.200000 1.100503 3.139788 5.763564 0.003261 -0.850646 0.423203 0.311913
5.400000 1.110956 3.119713 5.724138 0.002302 -0.849296 0.423430 0.315274
5.600000 1.118418 3.099871 5.686393 0.003417 -0.847402 0.424367 0.319077
5.800000 1.121299 3.077666 5.646278 0.005955 -0.845631 0.425895 0.321691
6.000000 1.127945 3.057243 5.608643 0.008672 -0.843555 0.427382 0.325091
6.200000 1.141455 3.033620 5.571096 0.008928 -0.841008 0.427771 0.331116
6.400000 1.160486 3.013843 5.530601 0.005914 -0.837875 0.427309 0.339614
6.600000 1.183224 2.989933 5.492898 0.001861 -0.834210 0.426331 0.349760
6.800000 1.198245 2.969725 5.453900 -0.000992 -0.831567 0.424898 0.357711
7.000000 1.210817 2.955962 5.418234 -0.001194 -0.830976 0.422665 0.361706
7.200000 1.225824 2.943025 5.386803 0.000056 -0.831520 0.420141 0.363396
7.400000 1.241372 2.926136 5.355946 0.000262 -0.832854 0.417259 0.363661
7.600000 1.255971 2.913573 5.322455 -0.000283 -0.834110 0.415183 0.363158
7.800000 1.272864 2.895770 5.292016 -0.001800 -0.834548 0.414529 0.362894
8.000000 1.284093 2.881618 5.261075 -0.003039 -0.834949 0.415335 0.361038
8.200000 1.287655 2.868169 5.226051 -0.002010 -0.835320 0.416823 0.358462
8.400000 1.295646 2.849207 5.193829 -0.000228 -0.834889 0.417982 0.358121
8.600000 1.307396 2.828013 5.159526 0.000899 -0.834151 0.417505 0.360390
8.800000 1.326025 2.811465 5.122783 0.000759 -0.833163 0.415399 0.365078
9.000000 1.347214 2.792083 5.090656 -0.000828 -0.831394 0.413949 0.370716
9.200000 1.357917 2.774483 5.055881 -0.002738 -0.829816 0.414250 0.373892
9.400000 1.360958 2.758293 5.018639 -0.003024 -0.828362 0.416626 0.374473
9.600000 1.369058 2.739753 4.988031 -0.001802 -0.826726 0.419516 0.374869
9.800000 1.374642 2.717060 4.953883 0.000358 -0.824966 0.421216 0.376839
10.000000 1.383733 2.698166 4.916536 0.003406 -0.823712 0.420590 0.380251
10.200000 1.394740 2.676475 4.882006 0.006196 -0.822565 0.419970 0.383372
10.400000 1.398189 2.657648 4.848975 0.007404 -0.822808 0.420477 0.382272
10.600000 1.390323 2.637253 4.812477 0.007053 -0.823803 0.423143 0.377159
10.800000 1.387308 2.617271 4.779194 0.004788 -0.824434 0.425922 0.372662
11.000000 1.390675 2.600319 4.745147 0.000927 -0.824134 0.427623 0.371404
11.200000 1.403701 2.587800 4.709053 -0.002661 -0.822415 0.427555 0.375265
11.400000 1.424277 2.574144 4.675658 -0.005352 -0.818979 0.427351 0.382905
11.600000 1.443469 2.560687 4.640808 -0.006912 -0.814481 0.427498 0.392198
11.800000 1.462946 2.550976 4.607404 -0.007140 -0.808982 0.428552 0.402294
12.000000 1.486917 2.538358 4.575967 -0.009487 -0.803346 0.427704 0.414263
12.200000 1.508489 2.529557 4.542546 -0.014241 -0.797870 0.425589 0.426702
12.400000 1.535517 2.525028 4.505589 -0.018687 -0.792180 0.423687 0.438852
12.600000 1.562173 2.513321 4.477667 -0.022775 -0.787116 0.422823 0.448498
12.800000 1.585736 2.503552 4.450983 -0.022084 -0.782992 0.423725 0.454855
13.000000 1.615146 2.491991 4.428580 -0.016588 -0.779881 0.424366 0.459809
13.200000 1.652940 2.476597 4.409146 -0.010094 -0.777794 0.422020 0.465655
13.400000 1.694125 2.463270 4.389102 -0.004228 -0.776595 0.417231 0.472018
13.600000 1.740893 2.452433 4.369769 0.000932 -0.775503 0.411913 0.478457
13.800000 1.781772 2.440674 4.354823 0.004520 -0.774160 0.409020 0.483072
14.000000 1.810098 2.431033 4.339447 0.005875 -0.773638 0.409910 0.483140
14.200000 1.826394 2.424149 4.321625 0.005636 -0.774067 0.413757 0.479160
14.400000 1.848684 2.417424 4.303779 0.002321 -0.775387 0.415945 0.475142
14.600000 1.872370 2.413552 4.285812 -0.004122 -0.776578 0.414201 0.474708
14.800000 1.907720 2.418188 4.258992 -0.011190 -0.776814 0.406652 0.480697
15.000000 1.944184 2.416633 4.231506 -0.017644 -0.774726 0.396542 0.492182
15.200000 1.972395 2.413175 4.205912 -0.022409 -0.771230 0.387434 0.504576
15.400000 1.988919 2.404551 4.176522 -0.023991 -0.768411 0.381684 0.513114
15.600000 2.005216 2.392066 4.156197 -0.024376 -0.767719 0.378488 0.516489
15.800000 2.026646 2.382122 4.141545 -0.023210 -0.768270 0.377205 0.516661
16.000000 2.046161 2.369237 4.132997 -0.020417 -0.769537 0.377225 0.514876
16.200000 2.065124 2.363451 4.117188 -0.015051 -0.769387 0.379104 0.513904
16.400000 2.094742 2.344989 4.106358 -0.010739 -0.768781 0.381182 0.513381
16.600000 2.121863 2.333045 4.096056 -0.007532 -0.768305 0.383297 0.512576
16.800000 2.147108 2.323687 4.083175 -0.004830 -0.767802 0.384956 0.512118
17.000000 2.164166 2.310774 4.077368 -0.001718 -0.768103 0.387000 0.510143
17.200000 2.168874 2.290702 4.070100 0.002524 -0.767901 0.389508 0.508532
17.400000 2.173334 2.279717 4.056542 0.008225 -0.766559 0.391149 0.509236
17.600000 2.178030 2.266511 4.039993 0.011981 -0.764143 0.391490 0.512520
17.800000 2.200744 2.260538 4.014140 0.012012 -0.761157 0.387851 0.519680
18.000000 2.230430 2.249100 3.986954 0.010068 -0.758265 0.382203 0.528067
18.200000 2.262417 2.235886 3.963677 0.006879 -0.757194 0.376145 0.533971
18.400000 2.284687 2.219197 3.949955 0.004364 -0.757260 0.372678 0.536330
18.600000 2.292501 2.209116 3.932755 0.003009 -0.756847 0.374004 0.535998
18.800000 2.295069 2.196648 3.911715 0.002391 -0.755154 0.379029 0.534859
19.000000 2.304376 2.185733 3.893249 0.000980 -0.751892 0.384213 0.535759
19.200000 2.319556 2.174869 3.868036 -0.001776 -0.746931 0.387681 0.540180
19.400000 2.338126 2.166229 3.836810 -0.003134 -0.741968 0.387745 0.546926
19.600000 2.361778 2.154642 3.805559 -0.002989 -0.737743 0.385674 0.554060
19.800000 2.383475 2.140413 3.780496 -0.002041 -0.735134 0.383772 0.558832
20.000000 2.398312 2.127207 3.756592 0.000618 -0.734542 0.382888 0.560218
20.200000 2.409013 2.114105 3.734303 0.003225 -0.735279 0.382264 0.559668
20.400000 2.423054 2.102802 3.712912 0.003584 -0.735786 0.381168 0.559747
20.600000 2.446885 2.090384 3.695648 0.004217 -0.735992 0.377626 0.561869
20.800000 2.477261 2.080488 3.678851 0.004751 -0.736696 0.373337 0.563805
21.000000 2.506365 2.068141 3.661851 0.004168 -0.737460 0.370621 0.564603
21.200000 2.536578 2.058555 3.650231 0.002423 -0.738371 0.368637 0.564721
21.400000 2.560714 2.055389 3.638661 0.000838 -0.739287 0.366105 0.565173
21.600000 2.586807 2.054546 3.623335 -0.000485 -0.739456 0.362093 0.567533
21.800000 2.616675 2.046997 3.608024 -0.001303 -0.738075 0.357590 0.572165
22.000000 2.646765 2.036033 3.587596 -0.001547 -0.735503 0.354216 0.577550
22.200000 2.669413 2.023560 3.561151 -0.000407 -0.732434 0.354344 0.581361
22.400000 2.692919 2.010601 3.536942 0.000517 -0.729492 0.355794 0.584167
22.600000 2.716941 1.998407 3.515724 0.001840 -0.727276 0.355415 0.587151
22.800000 2.740596 1.985661 3.499011 0.004666 -0.726455 0.352844 0.589696
23.000000 2.762806 1.976992 3.481158 0.007139 -0.724975 0.350787 0.592713
23.200000 2.781092 1.964101 3.459842 0.008058 -0.721396 0.350864 0.597007
23.400000 2.790603 1.947941 3.432561 0.008287 -0.716600 0.352679 0.601691
23.600000 2.797232 1.932761 3.402315 0.007936 -0.712379 0.355843 0.604838
23.800000 2.810410 1.919023 3.374585 0.006354 -0.709852 0.357523 0.606833
24.000000 2.824308 1.910085 3.351908 0.004067 -0.709770 0.356063 0.607806
24.200000 2.838651 1.905210 3.334718 0.001689 -0.710997 0.353236 0.608034
24.400000 2.858071 1.899506 3.315491 0.000424 -0.710718 0.350346 0.610030
24.600000 2.868694 1.883701 3.291987 0.000194 -0.708270 0.348478 0.613935
24.800000 2.876531 1.869829 3.263549 0.001463 -0.705195 0.347845 0.617819
25.000000 2.883569 1.848542 3.236324 0.003703 -0.702769 0.347657 0.620674
25.200000 2.897747 1.833301 3.210561 0.005448 -0.701704 0.346422 0.622554
25.400000 2.909184 1.820796 3.193678 0.004801 -0.702466 0.344146 0.622962
25.600000 2.923635 1.814799 3.178075 0.003969 -0.703050 0.341130 0.623967
25.800000 2.942999 1.808039 3.159586 0.003650 -0.702059 0.338336 0.626601
26.000000 2.953381 1.792706 3.134784 0.003584 -0.699933 0.336028 0.630211
26.200000 2.960628 1.776808 3.107708 0.004594 -0.698171 0.335316 0.632534
26.400000 2.967198 1.759781 3.081034 0.006162 -0.697518 0.336150 0.632799
26.600000 2.973944 1.741791 3.059787 0.006354 -0.698575 0.335692 0.631873
26.800000 2.986440 1.731240 3.043291 0.005398 -0.700842 0.332513 0.631052
27.000000 3.000941 1.723561 3.026921 0.004389 -0.702356 0.327505 0.631995
27.200000 3.018087 1.707334 3.009066 0.002605 -0.701367 0.323491 0.635162
27.400000 3.025540 1.687480 2.988948 0.000699 -0.697947 0.324006 0.638662
27.600000 3.025051 1.671697 2.963570 -0.000876 -0.694119 0.328755 0.640405
27.800000 3.024246 1.655390 2.941326 -0.001983 -0.691235 0.333865 0.640879
28.000000 3.034862 1.641475 2.921880 -0.002503 -0.689808 0.335724 0.641443
28.200000 3.048559 1.629271 2.903968 -0.001841 -0.688865 0.334651 0.643016
28.400000 3.063093 1.612996 2.887693 -0.000940 -0.686924 0.332728 0.646085
28.600000 3.080440 1.595804 2.865998 -0.000051 -0.682673 0.332224 0.650834
28.800000 3.087737 1.583205 2.837981 0.000187 -0.677502 0.333336 0.655651
29.000000 3.090024 1.571788 2.805774 -0.000236 -0.673432 0.334709 0.659135
29.200000 3.096824 1.553680 2.780031 -0.002054 -0.671800 0.333124 0.661596
29.400000 3.112753 1.538501 2.757857 -0.005614 -0.671833 0.329134 0.663536
29.600000 3.125211 1.536145 2.737230 -0.007716 -0.671775 0.325619 0.665305
29.800000 3.136194 1.525659 2.716812 -0.008222 -0.670163 0.322564 0.668405
30.000000 3.141715 1.511221 2.698079 -0.006961 -0.666615 0.323068 0.671716
30.200000 3.143544 1.489856 2.676418 -0.005357 -0.663024 0.324568 0.674556
30.400000 3.136857 1.474020 2.648686 -0.003144 -0.660494 0.326232 0.676248
30.600000 3.138331 1.459219 2.618898 -0.002783 -0.659204 0.324726 0.678229
30.800000 3.148105 1.448054 2.590045 -0.005223 -0.657854 0.320451 0.681551
31.000000 3.163942 1.446127 2.558523 -0.009007 -0.655825 0.313438 0.686709
31.200000 3.175611 1.437981 2.528080 -0.012603 -0.652146 0.305010 0.693913
31.400000 3.182372 1.422153 2.499236 -0.016527 -0.647152 0.298896 0.701129
31.600000 3.181410 1.410422 2.470733 -0.019468 -0.641650 0.297341 0.706750
31.800000 3.176016 1.394859 2.445502 -0.019975 -0.637194 0.298485 0.710276
32.000000 3.172588 1.380105 2.425570 -0.019131 -0.634937 0.300648 0.711407
32.200000 3.174956 1.369571 2.407817 -0.017431 -0.635685 0.301771 0.710307
32.400000 3.183153 1.359977 2.394579 -0.015519 -0.638619 0.300358 0.708315
32.600000 3.193956 1.356953 2.379069 -0.013744 -0.642099 0.299292 0.705651
32.800000 3.200495 1.345933 2.367675 -0.013140 -0.644308 0.299892 0.703391
33.000000 3.194903 1.332952 2.348418 -0.012348 -0.644321 0.301546 0.702686
33.200000 3.187597 1.318661 2.328734 -0.010966 -0.644260 0.302968 0.702153
33.400000 3.180066 1.301522 2.307517 -0.009502 -0.644500 0.303646 0.701662
33.600000 3.179066 1.288831 2.282313 -0.009090 -0.643948 0.302417 0.702704
33.800000 3.183966 1.276016 2.258246 -0.008995 -0.642911 0.300007 0.704685
34.000000 3.189404 1.266915 2.234224 -0.009137 -0.641391 0.297852 0.706978
34.200000 3.195755 1.256333 2.212784 -0.010061 -0.639388 0.299005 0.708292
34.400000 3.191265 1.244506 2.191667 -0.010909 -0.637108 0.302486 0.708856
34.600000 3.183474 1.233366 2.172437 -0.009935 -0.635531 0.306643 0.708499
34.800000 3.175501 1.219009 2.148304 -0.008602 -0.633672 0.307418 0.709845
35.000000 3.180149 1.199986 2.119657 -0.007054 -0.631521 0.303018 0.713661
35.200000 3.186714 1.186164 2.088377 -0.005247 -0.629343 0.295159 0.718875
35.400000 3.195180 1.175441 2.059486 -0.005328 -0.627962 0.289107 0.722532
35.600000 3.199300 1.165499 2.033124 -0.006455 -0.625868 0.287314 0.725050
35.800000 3.197951 1.153018 2.011750 -0.008649 -0.623093 0.288771 0.726837
36.000000 3.188254 1.140925 1.991579 -0.011078 -0.620906 0.292032 0.727372
36.200000 3.179971 1.128439 1.967238 -0.013001 -0.618901 0.293888 0.728301
36.400000 3.180595 1.116136 1.941409 -0.014206 -0.616750 0.292642 0.730601
36.600000 3.188081 1.100547 1.918687 -0.015068 -0.615349 0.288124 0.733555
36.800000 3.199141 1.089178 1.899863 -0.015321 -0.615185 0.283854 0.735350
37.000000 3.209998 1.077618 1.881221 -0.014448 -0.614990 0.281782 0.736327
37.200000 3.213287 1.062929 1.862893 -0.013679 -0.614493 0.282852 0.736346
37.400000 3.209535 1.047176 1.850446 -0.013495 -0.614144 0.285346 0.735679
37.600000 3.202433 1.035682 1.833516 -0.014124 -0.613446 0.287464 0.735425
37.800000 3.202826 1.026303 1.812732 -0.017102 -0.612615 0.286319 0.736499
38.000000 3.213377 1.016445 1.793233 -0.021849 -0.612540 0.282192 0.738028
38.200000 3.226326 1.014156 1.775200 -0.026380 -0.613350 0.278385 0.738653
38.400000 3.235927 1.009288 1.755669 -0.028164 -0.612493 0.274837 0.740624
38.600000 3.243987 1.006853 1.728967 -0.027351 -0.609553 0.273433 0.743594
38.800000 3.240886 0.988515 1.706060 -0.026395 -0.605487 0.273016 0.747095
39.000000 3.235991 0.969748 1.680251 -0.024202 -0.601093 0.272509 0.750893
39.200000 3.231467 0.953858 1.653470 -0.022068 -0.596901 0.271703 0.754586
39.400000 3.234261 0.937862 1.631316 -0.021736 -0.594649 0.269665 0.757101
39.600000 3.240630 0.930609 1.609652 -0.020019 -0.592986 0.265881 0.759786
39.800000 3.249400 0.923792 1.585443 -0.017502 -0.590812 0.262015 0.762878
40.000000 3.247108 0.909234 1.562707 -0.014561 -0.586701 0.260367 0.766668
40.200000 3.242878 0.892039 1.541926 -0.012017 -0.581689 0.260663 0.770421
40.400000 3.233401 0.874750 1.519609 -0.010286 -0.577669 0.262457 0.772858
40.600000 3.227593 0.860916 1.496691 -0.011107 -0.575739 0.263112 0.774063
40.800000 3.229129 0.853178 1.473914 -0.013944 -0.576205 0.261424 0.774242
41.000000 3.232067 0.851654 1.451150 -0.016749 -0.578419 0.258357 0.773564
41.200000 3.238780 0.845578 1.430698 -0.019425 -0.580383 0.255672 0.772923
41.400000 3.240041 0.831515 1.411159 -0.020717 -0.579388 0.255065 0.773836
41.600000 3.233254 0.819762 1.390652 -0.021388 -0.575743 0.257250 0.775813
41.800000 3.224200 0.804031 1.368650 -0.021144 -0.571210 0.259097 0.778550
42.000000 3.215997 0.784839 1.345088 -0.021120 -0.566955 0.259320 0.781581
42.200000 3.214045 0.777424 1.318745 -0.021670 -0.564329 0.258852 0.783620
42.400000 3.216365 0.767655 1.299235 -0.023450 -0.563258 0.257246 0.784866
42.600000 3.220614 0.759915 1.279996 -0.023742 -0.561318 0.256389 0.786526
42.800000 3.220699 0.746588 1.262240 -0.022311 -0.557394 0.257716 0.788921
43.000000 3.209699 0.729380 1.247154 -0.020003 -0.553338 0.260359 0.790968
43.200000 3.200029 0.717728 1.228620 -0.018058 -0.550850 0.261781 0.792281
43.400000 3.196605 0.709436 1.207625 -0.017277 -0.549956 0.261450 0.793028
43.600000 3.196639 0.702229 1.190683 -0.018689 -0.549960 0.260050 0.793454
43.800000 3.204087 0.696807 1.173554 -0.019877 -0.549552 0.257728 0.794464
44.000000 3.215546 0.688525 1.161727 -0.020277 -0.549082 0.255559 0.795480
44.200000 3.223423 0.683088 1.147382 -0.019933 -0.547588 0.254344 0.796906
44.400000 3.222747 0.674502 1.134369 -0.020652 -0.545690 0.253914 0.798325
44.600000 3.221432 0.664657 1.116371 -0.022662 -0.543310 0.252987 0.800186
44.800000 3.215981 0.655420 1.094104 -0.026914 -0.540386 0.250884 0.802693
45.000000 3.211967 0.646644 1.069653 -0.032993 -0.537976 0.246612 0.805404
45.200000 3.209571 0.641563 1.044566 -0.038185 -0.535700 0.241119 0.808349
45.400000 3.205720 0.633283 1.021946 -0.040644 -0.532096 0.234364 0.812586
45.600000 3.204396 0.626085 1.005245 -0.040877 -0.528336 0.230177 0.816216
45.800000 3.202230 0.616456 0.993319 -0.039765 -0.523853 0.228383 0.819657
46.000000 3.199981 0.602598 0.972863 -0.037507 -0.517297 0.227733 0.824096
46.200000 3.187382 0.585112 0.951985 -0.036616 -0.509564 0.227074 0.829121
46.400000 3.172953 0.571601 0.931727 -0.037711 -0.503113 0.228040 0.832739
46.600000 3.162945 0.556498 0.909572 -0.039829 -0.498493 0.228918 0.835174
46.800000 3.166140 0.542942 0.891213 -0.042352 -0.497857 0.231057 0.834840
47.000000 3.172214 0.536767 0.877234 -0.043353 -0.499817 0.233091 0.833050
47.200000 3.185826 0.533920 0.859252 -0.042313 -0.503494 0.235533 0.830197
47.400000 3.195723 0.527535 0.843153 -0.040500 -0.506668 0.237835 0.827697
47.600000 3.195323 0.517805 0.825907 -0.038236 -0.508983 0.240041 0.825745
47.800000 3.192624 0.508185 0.807998 -0.036511 -0.511367 0.242288 0.823691
48.000000 3.186732 0.499189 0.790676 -0.035674 -0.514733 0.244650 0.820929
48.200000 3.181738 0.491720 0.767106 -0.035245 -0.516247 0.244227 0.820122
48.400000 3.178696 0.479759 0.740137 -0.035766 -0.516223 0.240964 0.821079
48.600000 3.181616 0.471850 0.713587 -0.036079 -0.515336 0.237289 0.822691
48.800000 3.186457 0.459653 0.683562 -0.035806 -0.512481 0.233816 0.825477
49.000000 3.185563 0.442630 0.656062 -0.035742 -0.507998 0.231169 0.828988
49.200000 3.180085 0.427666 0.631922 -0.036525 -0.502752 0.230208 0.832412
49.400000 3.176638 0.413019 0.609643 -0.038367 -0.498104 0.230279 0.835100
49.600000 3.172905 0.397883 0.585949 -0.041346 -0.494836 0.230005 0.836974
49.800000 3.178888 0.384865 0.564389 -0.044962 -0.494133 0.229488 0.837345
50.000000 3.184731 0.382163 0.548176 -0.046965 -0.495329 0.229490 0.836527
50.200000 3.195462 0.379487 0.539014 -0.046725 -0.497360 0.229478 0.835338
50.400000 3.198089 0.372652 0.530416 -0.043480 -0.497838 0.230394 0.834976
50.600000 3.194396 0.362806 0.525280 -0.037978 -0.496877 0.232049 0.835359
50.800000 3.183930 0.353284 0.524909 -0.032900 -0.495958 0.235298 0.835211
51.000000 3.170842 0.343644 0.526918 -0.030472 -0.495275 0.239208 0.834598
51.200000 3.166598 0.345022 0.520788 -0.029636 -0.494512 0.242454 0.834144
51.400000 3.162307 0.340128 0.515196 -0.030541 -0.494038 0.242350 0.834422
51.600000 3.158440 0.338135 0.504373 -0.031145 -0.494018 0.239738 0.835166
51.800000 3.156458 0.335997 0.484728 -0.030312 -0.493444 0.234456 0.837033
52.000000 3.155570 0.330339 0.465577 -0.030169 -0.492986 0.229120 0.838784
52.200000 3.158467 0.324951 0.442851 -0.029774 -0.489949 0.224642 0.841783
52.400000 3.154072 0.312357 0.418179 -0.030064 -0.482532 0.221406 0.846899
52.600000 3.140802 0.293294 0.399236 -0.032140 -0.473777 0.220059 0.852101
52.800000 3.133766 0.275488 0.382328 -0.033832 -0.468067 0.220846 0.854983
53.000000 3.136714 0.266587 0.363130 -0.033515 -0.466596 0.221182 0.855713
53.200000 3.138133 0.255292 0.345560 -0.030645 -0.468995 0.217643 0.855416
53.400000 3.136147 0.263751 0.330630 -0.024806 -0.474065 0.214006 0.853726
53.600000 3.116840 0.265883 0.310159 -0.018373 -0.477947 0.209712 0.852790
53.800000 3.138540 0.276645 0.326924 -0.020766 -0.493783 0.227690 0.838990
54.000000 3.149737 0.271211 0.343363 -0.025354 -0.502331 0.242188 0.829678
54.200000 3.155667 0.265288 0.342077 -0.028392 -0.501621 0.248831 0.828042
54.400000 3.150942 0.259450 0.330306 -0.031604 -0.498168 0.253936 0.828460
54.600000 3.151224 0.247266 0.315849 -0.035766 -0.495744 0.257819 0.828546
54.800000 3.149509 0.241026 0.302023 -0.038018 -0.494783 0.259191 0.828592
55.000000 3.149035 0.239957 0.288190 -0.037140 -0.493544 0.256973 0.830060
55.200000 3.148543 0.229559 0.273292 -0.036879 -0.491768 0.252517 0.832490
55.400000 3.144025 0.221757 0.257195 -0.038060 -0.489609 0.250566 0.834297
55.600000 3.146994 0.214986 0.234761 -0.041899 -0.488338 0.251200 0.834667
55.800000 3.151568 0.211908 0.218714 -0.045892 -0.489141 0.254149 0.833093
56.000000 3.153749 0.205968 0.208291 -0.047443 -0.491191 0.255606 0.831352
56.200000 3.153352 0.194165 0.197233 -0.047376 -0.492599 0.253209 0.831256
56.400000 3.153411 0.186980 0.181648 -0.046810 -0.493403 0.248194 0.832323
56.600000 3.160604 0.188164 0.157648 -0.045362 -0.492648 0.241570 0.834796
56.800000 3.166289 0.174258 0.138221 -0.045353 -0.489951 0.234754 0.838321
57.000000 3.165665 0.159260 0.115785 -0.045436 -0.484987 0.230014 0.842506
57.200000 3.171919 0.146964 0.091800 -0.046249 -0.479951 0.229884 0.845377
57.400000 3.184848 0.131261 0.072343 -0.048382 -0.476700 0.233806 0.846021
57.600000 3.198510 0.116975 0.056329 -0.050120 -0.475192 0.239678 0.845124
57.800000 3.209705 0.102189 0.047814 -0.050330 -0.475133 0.244268 0.843830
58.000000 3.220106 0.094079 0.037977 -0.050098 -0.475593 0.245987 0.843085
58.200000 3.227906 0.087304 0.018467 -0.049324 -0.474567 0.243429 0.844450
58.400000 3.232672 0.078293 -0.009390 -0.048462 -0.471779 0.237835 0.847650
58.600000 3.230113 0.061923 -0.039343 -0.047094 -0.467602 0.231700 0.851731
58.800000 3.227489 0.047012 -0.067400 -0.046065 -0.463787 0.228257 0.854797
59.000000 3.225645 0.029040 -0.092605 -0.047053 -0.460930 0.228309 0.856273
59.200000 3.232081 0.016544 -0.117797 -0.050103 -0.459830 0.230450 0.856119
59.400000 3.242471 0.007441 -0.139477 -0.054227 -0.459782 0.231385 0.855640
59.600000 3.255192 0.001725 -0.162990 -0.058426 -0.459987 0.228589 0.856006
59.800000 3.263825 -0.011032 -0.191120 -0.061376 -0.458887 0.222175 0.858076
60.000000 3.264039 -0.024606 -0.222596 -0.064106 -0.455757 0.215719 0.861186
60.200000 3.265864 -0.037025 -0.254069 -0.066716 -0.451045 0.212178 0.864343
60.400000 3.266037 -0.052314 -0.280880 -0.069194 -0.445426 0.212032 0.867093
60.600000 3.261601 -0.075082 -0.305496 -0.071347 -0.438339 0.211973 0.870538
60.800000 3.252633 -0.090502 -0.330907 -0.072040 -0.431389 0.209951 0.874434
61.000000 3.251082 -0.098370 -0.354738 -0.072746 -0.427629 0.208053 0.876673
61.200000 3.253309 -0.105006 -0.374072 -0.072961 -0.426468 0.208676 0.877073
61.400000 3.254099 -0.112727 -0.391332 -0.071813 -0.427648 0.213376 0.875460
61.600000 3.250445 -0.122360 -0.398532 -0.069052 -0.431551 0.220224 0.872065
61.800000 3.248477 -0.128499 -0.411096 -0.062740 -0.437133 0.225700 0.868354
62.000000 3.234333 -0.127946 -0.426200 -0.054707 -0.442694 0.228235 0.865412
62.200000 3.225802 -0.141043 -0.433103 -0.048324 -0.447497 0.226889 0.863674
62.400000 3.220212 -0.147521 -0.444580 -0.043306 -0.450454 0.224844 0.862937
62.600000 3.227498 -0.149820 -0.452867 -0.040674 -0.453283 0.225294 0.861465
62.800000 3.232704 -0.160977 -0.465718 -0.039496 -0.454545 0.225834 0.860714
63.000000 3.234245 -0.172615 -0.479427 -0.039855 -0.454450 0.226794 0.860495
63.200000 3.241292 -0.181246 -0.493576 -0.041486 -0.453755 0.228375 0.860367
63.400000 3.248767 -0.191472 -0.516658 -0.043978 -0.451674 0.228037 0.861426
63.600000 3.257970 -0.203643 -0.541670 -0.045876 -0.449666 0.225308 0.863095
63.800000 3.265559 -0.213743 -0.567539 -0.047278 -0.447798 0.220471 0.865237
64.000000 3.271578 -0.222675 -0.590066 -0.048318 -0.446231 0.215001 0.867362
64.200000 3.282148 -0.232216 -0.613937 -0.048792 -0.445075 0.209288 0.869325
64.400000 3.290906 -0.242102 -0.633895 -0.049282 -0.444345 0.205859 0.870489
64.600000 3.294006 -0.250176 -0.650994 -0.051068 -0.444342 0.204944 0.870603
64.800000 3.296196 -0.260870 -0.663928 -0.053943 -0.445016 0.204671 0.870150
65.000000 3.304841 -0.264132 -0.681174 -0.057019 -0.445978 0.203809 0.869663
65.200000 3.314207 -0.265606 -0.690100 -0.061887 -0.448274 0.201742 0.868631
65.400000 3.320594 -0.272062 -0.704980 -0.065956 -0.449777 0.196270 0.868808
65.600000 3.330974 -0.270944 -0.725223 -0.069486 -0.449709 0.191352 0.869665
65.800000 3.324076 -0.278081 -0.747986 -0.072206 -0.442422 0.188321 0.873833
66.000000 3.305244 -0.290690 -0.770701 -0.072972 -0.431740 0.188422 0.879075
66.200000 3.276929 -0.307370 -0.789011 -0.070185 -0.421022 0.190394 0.884061
66.400000 3.252647 -0.320982 -0.794168 -0.065320 -0.414598 0.194459 0.886582
66.600000 3.230435 -0.319927 -0.790192 -0.057579 -0.411861 0.198733 0.887446
66.800000 3.213105 -0.315067 -0.792092 -0.049896 -0.411538 0.202664 0.887172
67.000000 3.191330 -0.312087 -0.791524 -0.043387 -0.411575 0.207412 0.886399
67.200000 3.176791 -0.312119 -0.801502 -0.039520 -0.412129 0.213082 0.884977
67.400000 3.158890 -0.320257 -0.807570 -0.038287 -0.413033 0.218309 0.883334
67.600000 3.150455 -0.324474 -0.818587 -0.039189 -0.414739 0.221415 0.881721
67.800000 3.142627 -0.325302 -0.832651 -0.040938 -0.415090 0.223042 0.881065
68.000000 3.129125 -0.323914 -0.844814 -0.043350 -0.413583 0.222976 0.881676
68.200000 3.110732 -0.324006 -0.853886 -0.045188 -0.412147 0.222490 0.882378
68.400000 3.090064 -0.323213 -0.860367 -0.046896 -0.412355 0.222140 0.882280
68.600000 3.073352 -0.324883 -0.868810 -0.049636 -0.414790 0.221959 0.881033
68.800000 3.068159 -0.331438 -0.878143 -0.053544 -0.418667 0.220718 0.879281
69.000000 3.061899 -0.336993 -0.886459 -0.059453 -0.422291 0.220441 0.877235
69.200000 3.057174 -0.344167 -0.904019 -0.065727 -0.424519 0.219750 0.875884
69.400000 3.057758 -0.346285 -0.928698 -0.070492 -0.424636 0.218233 0.875836
69.600000 3.060403 -0.353333 -0.947817 -0.074446 -0.422808 0.216096 0.876923
69.800000 3.060230 -0.361035 -0.966694 -0.076296 -0.418873 0.213633 0.879253
70.000000 3.059851 -0.372106 -0.986290 -0.075719 -0.413635 0.210575 0.882514
70.200000 3.056995 -0.382236 -1.003758 -0.072952 -0.408627 0.208073 0.885668
70.400000 3.047714 -0.396556 -1.014878 -0.069063 -0.405093 0.205013 0.888313
70.600000 3.038343 -0.409107 -1.031277 -0.064415 -0.403538 0.201658 0.890136
70.800000 3.026440 -0.422984 -1.049942 -0.060770 -0.403571 0.198621 0.891060
71.000000 3.018282 -0.435809 -1.073207 -0.057386 -0.405736 0.195677 0.890952
71.200000 3.011304 -0.454685 -1.088852 -0.054845 -0.408824 0.192452 0.890403
71.400000 3.008895 -0.465428 -1.103873 -0.052893 -0.411385 0.189212 0.890036
71.600000 3.014867 -0.472103 -1.117747 -0.053104 -0.413386 0.185950 0.889784
71.800000 3.022836 -0.479089 -1.132889 -0.055110 -0.414389 0.183934 0.889614
72.000000 3.028377 -0.484545 -1.149655 -0.057936 -0.414472 0.183747 0.889434
72.200000 3.032505 -0.490550 -1.160488 -0.061345 -0.414709 0.185893 0.888649
72.400000 3.033935 -0.489674 -1.166197 -0.064540 -0.415405 0.189905 0.887248
72.600000 3.035357 -0.489219 -1.174414 -0.066941 -0.416256 0.194168 0.885748
72.800000 3.031059 -0.485535 -1.181297 -0.067989 -0.417703 0.197735 0.884196
73.000000 3.027529 -0.481444 -1.182510 -0.068710 -0.420273 0.200645 0.882265
73.200000 3.024335 -0.477221 -1.182893 -0.068956 -0.423076 0.201144 0.880791
73.400000 3.025174 -0.469564 -1.185996 -0.070263 -0.425503 0.200156 0.879743
73.600000 3.026802 -0.462088 -1.188270 -0.073301 -0.427571 0.197942 0.878993
73.800000 3.027166 -0.453278 -1.189922 -0.077316 -0.429262 0.195880 0.878287
74.000000 3.032331 -0.445175 -1.193414 -0.082197 -0.430429 0.195131 0.877439
74.200000 3.035789 -0.436186 -1.195688 -0.086700 -0.431476 0.195788 0.876344
74.400000 3.039507 -0.429730 -1.194385 -0.090240 -0.432388 0.196320 0.875417
74.600000 3.041940 -0.429881 -1.193578 -0.092148 -0.433101 0.196380 0.874853
74.800000 3.039500 -0.429816 -1.189576 -0.090784 -0.434088 0.196385 0.874505
75.000000 3.037746 -0.436687 -1.186850 -0.086594 -0.434330 0.196945 0.874684
75.200000 3.031480 -0.456725 -1.172727 -0.080358 -0.433842 0.197909 0.875303
75.400000 3.032447 -0.483476 -1.159731 -0.075172 -0.432580 0.199841 0.875949
75.600000 3.030174 -0.499467 -1.150641 -0.071139 -0.430748 0.201963 0.876702
75.800000 3.031411 -0.505228 -1.146246 -0.068812 -0.429112 0.203533 0.877327
76.000000 3.033823 -0.506075 -1.147295 -0.067347 -0.427708 0.205183 0.877742
76.200000 3.035500 -0.510822 -1.144412 -0.065621 -0.426458 0.206828 0.878094
76.400000 3.033501 -0.509442 -1.143148 -0.061711 -0.425069 0.208220 0.878722
76.600000 3.026349 -0.512200 -1.139418 -0.057373 -0.423475 0.209519 0.879476
76.800000 3.022287 -0.510369 -1.134387 -0.053431 -0.422310 0.210295 0.880100
77.000000 3.023345 -0.511815 -1.132500 -0.051999 -0.421236 0.210362 0.880684
77.200000 3.022411 -0.510823 -1.137918 -0.053201 -0.420463 0.208758 0.881363
77.400000 3.033266 -0.514875 -1.148811 -0.058262 -0.420763 0.205328 0.881705
77.600000 3.044396 -0.513116 -1.156373 -0.065629 -0.422382 0.200532 0.881517
77.800000 3.054705 -0.508735 -1.161697 -0.072933 -0.424582 0.195831 0.880943
78.000000 3.065716 -0.511391 -1.170153 -0.078569 -0.426419 0.192346 0.880339
78.200000 3.065159 -0.513368 -1.168209 -0.081705 -0.427868 0.190993 0.879644
78.400000 3.057598 -0.508026 -1.162934 -0.082516 -0.428567 0.191577 0.879102
78.600000 3.061426 -0.507544 -1.164293 -0.082835 -0.428723 0.192894 0.878707
78.800000 3.062033 -0.507375 -1.164562 -0.083436 -0.428498 0.193706 0.878582
79.000000 3.061494 -0.507544 -1.164302 -0.083632 -0.427932 0.193829 0.878812
79.200000 3.060146 -0.509821 -1.166145 -0.082846 -0.426974 0.193679 0.879385
79.400000 3.060859 -0.510375 -1.163615 -0.081015 -0.426541 0.193839 0.879731
79.600000 3.056104 -0.508134 -1.160095 -0.079144 -0.426188 0.194159 0.880001
79.800000 3.055205 -0.511000 -1.160603 -0.078246 -0.426033 0.194360 0.880112
80.000000 3.056230 -0.513075 -1.159813 -0.078044 -0.426276 0.194404 0.880003
80.200000 3.057856 -0.510095 -1.156424 -0.077658 -0.426826 0.194552 0.879738
80.400000 3.057433 -0.512405 -1.159789 -0.076922 -0.426914 0.194848 0.879694
80.600000 3.049781 -0.511608 -1.155763 -0.075031 -0.426901 0.195374 0.879747
80.800000 3.049639 -0.510401 -1.154511 -0.072766 -0.426981 0.196369 0.879677
81.000000 3.049589 -0.511211 -1.151134 -0.070823 -0.426862 0.197363 0.879671
81.200000 3.044287 -0.510192 -1.149722 -0.068663 -0.426164 0.198028 0.880031
81.400000 3.043542 -0.510784 -1.147728 -0.066483 -0.425488 0.198566 0.880404
81.600000 3.040777 -0.509488 -1.146025 -0.064189 -0.424645 0.199375 0.880799
81.800000 3.036194 -0.511036 -1.146249 -0.062276 -0.423514 0.199800 0.881384
82.000000 3.036194 -0.511036 -1.146249 -0.060749 -0.422723 0.200592 0.881690
82.200000 3.035521 -0.511412 -1.138196 -0.059478 -0.422367 0.202075 0.881609
82.400000 3.030796 -0.511145 -1.140791 -0.056455 -0.421328 0.203450 0.881988
82.600000 3.025144 -0.512113 -1.133988 -0.051986 -0.420438 0.205183 0.882287
82.800000 3.017720 -0.512901 -1.128717 -0.046921 -0.419229 0.207052 0.882709
83.000000 3.010113 -0.510905 -1.131044 -0.042387 -0.417728 0.208669 0.883269
83.200000 3.009975 -0.514342 -1.125718 -0.040559 -0.416914 0.209585 0.883522
83.400000 3.010095 -0.513997 -1.126826 -0.040212 -0.415962 0.209906 0.883910
83.600000 3.010824 -0.513780 -1.130249 -0.041053 -0.414913 0.210063 0.884328
83.800000 3.010385 -0.513734 -1.132931 -0.042143 -0.413861 0.209804 0.884830
84.000000 3.011024 -0.511236 -1.135864 -0.042862 -0.412832 0.209283 0.885400
84.200000 3.010387 -0.514610 -1.140990 -0.043745 -0.411584 0.208131 0.886209
84.400000 3.010919 -0.513999 -1.142663 -0.044155 -0.410858 0.206858 0.886823
84.600000 3.012101 -0.513478 -1.145171 -0.045172 -0.410248 0.206201 0.887208
84.800000 3.009724 -0.512953 -1.149157 -0.047189 -0.409851 0.205761 0.887388
85.000000 3.006955 -0.514662 -1.151247 -0.050080 -0.410399 0.205586 0.887017
85.200000 3.002693 -0.510792 -1.152922 -0.051801 -0.412514 0.206425 0.885741
85.400000 2.991375 -0.504490 -1.139572 -0.052665 -0.416658 0.210164 0.882867
85.600000 2.975006 -0.498047 -1.122205 -0.052112 -0.421021 0.214448 0.879794
85.800000 2.963286 -0.497783 -1.109994 -0.051335 -0.424327 0.216453 0.877758
86.000000 2.953656 -0.498526 -1.107103 -0.051532 -0.425692 0.213715 0.877756
86.200000 2.946505 -0.499009 -1.116490 -0.051594 -0.425386 0.206373 0.879656
86.400000 2.936981 -0.505598 -1.134551 -0.051221 -0.422674 0.198026 0.882898
86.600000 2.921429 -0.512109 -1.149466 -0.051651 -0.418490 0.195612 0.885400
86.800000 2.897840 -0.516982 -1.163355 -0.052760 -0.413602 0.200192 0.886608
87.000000 2.876017 -0.522075 -1.176160 -0.054889 -0.410342 0.207873 0.886226
87.200000 2.848131 -0.529701 -1.184863 -0.056294 -0.409013 0.213070 0.885517
87.400000 2.817197 -0.525922 -1.195652 -0.054807 -0.409188 0.215926 0.884838
87.600000 2.784175 -0.533778 -1.184033 -0.052398 -0.409261 0.215068 0.885159
87.800000 2.747808 -0.528721 -1.192416 -0.048025 -0.406678 0.212877 0.887125
88.000000 2.710060 -0.526861 -1.199313 -0.046563 -0.402695 0.210563 0.889568
88.200000 2.667564 -0.535563 -1.209275 -0.048826 -0.398711 0.208769 0.891662
88.400000 2.624426 -0.539667 -1.219902 -0.051244 -0.395863 0.207539 0.893081
88.600000 2.573780 -0.538072 -1.215216 -0.051539 -0.395480 0.208731 0.892956
88.800000 2.518022 -0.534727 -1.200799 -0.046870 -0.396834 0.209373 0.892462
89.000000 2.468095 -0.536315 -1.191884 -0.043140 -0.398566 0.209045 0.891955
89.200000 2.412976 -0.537462 -1.183038 -0.041291 -0.399977 0.208322 0.891580
89.400000 2.362653 -0.537119 -1.179675 -0.041501 -0.399815 0.207227 0.891898
89.600000 2.310541 -0.534862 -1.174171 -0.041788 -0.399210 0.207664 0.892054
89.800000 2.255693 -0.529546 -1.161698 -0.041605 -0.398327 0.209043 0.892135
90.000000 2.205558 -0.526447 -1.155218 -0.041318 -0.397177 0.209595 0.892532
90.200000 2.151446 -0.523722 -1.148568 -0.042593 -0.395922 0.211357 0.892614
90.400000 2.097686 -0.517601 -1.142681 -0.044267 -0.395392 0.213983 0.892142
90.600000 2.042972 -0.509725 -1.129403 -0.044926 -0.395523 0.217694 0.891152
90.800000 1.989685 -0.503783 -1.113622 -0.045405 -0.395606 0.221680 0.890108
91.000000 1.937510 -0.501059 -1.107204 -0.044974 -0.393947 0.223753 0.890347
91.200000 1.885936 -0.501771 -1.108889 -0.043444 -0.389580 0.222197 0.892731
91.400000 1.835844 -0.511226 -1.125043 -0.041367 -0.381131 0.215767 0.898038
91.600000 1.783553 -0.518102 -1.135930 -0.038628 -0.372304 0.208234 0.903624
91.800000 1.730629 -0.521504 -1.150242 -0.037040 -0.363365 0.200434 0.909076
92.000000 1.679012 -0.535000 -1.166072 -0.037933 -0.356081 0.194069 0.913293
92.200000 1.625399 -0.538578 -1.179222 -0.038419 -0.350685 0.187967 0.916631
92.400000 1.574891 -0.543627 -1.186358 -0.037943 -0.345855 0.183715 0.919344
92.600000 1.520337 -0.547862 -1.189984 -0.036482 -0.339182 0.180442 0.922532
92.800000 1.471723 -0.554668 -1.193217 -0.034866 -0.333562 0.178801 0.924960
93.000000 1.422323 -0.557937 -1.197552 -0.034037 -0.327585 0.178087 0.927262
93.200000 1.375736 -0.562612 -1.210901 -0.034161 -0.322126 0.175975 0.929570
93.400000 1.324781 -0.564071 -1.214412 -0.033959 -0.318398 0.173208 0.931380
93.600000 1.278036 -0.564839 -1.217173 -0.034342 -0.316197 0.171661 0.932402
93.800000 1.234505 -0.569387 -1.218964 -0.036132 -0.315486 0.171882 0.932534
94.000000 1.195180 -0.569558 -1.223881 -0.037790 -0.317675 0.173036 0.931511
94.200000 1.156114 -0.573191 -1.227544 -0.039351 -0.320353 0.171879 0.930743
94.400000 1.109941 -0.579690 -1.225446 -0.040887 -0.322812 0.166962 0.930723
94.600000 1.067631 -0.585307 -1.232473 -0.042963 -0.322694 0.160855 0.931745
94.800000 1.020795 -0.594573 -1.241811 -0.045603 -0.319689 0.155409 0.933578
95.000000 0.975421 -0.594498 -1.248072 -0.047381 -0.315576 0.152179 0.935419
95.200000 0.934755 -0.597597 -1.245436 -0.046779 -0.314510 0.151120 0.935980
95.400000 0.893232 -0.595096 -1.232684 -0.044645 -0.317972 0.153509 0.934524
95.600000 0.859900 -0.593933 -1.218126 -0.043458 -0.324651 0.156745 0.931743
95.800000 0.822683 -0.594631 -1.194060 -0.045132 -0.333588 0.160653 0.927832
96.000000 0.784704 -0.591844 -1.175880 -0.049124 -0.342923 0.161835 0.924013
96.200000 0.738381 -0.592279 -1.163150 -0.052139 -0.349723 0.160369 0.921551
96.400000 0.691295 -0.587114 -1.150034 -0.052692 -0.354245 0.157379 0.920307
96.600000 0.646616 -0.586134 -1.141935 -0.049728 -0.353545 0.156356 0.920916
96.800000 0.613404 -0.597328 -1.154956 -0.045492 -0.343263 0.155970 0.925081
97.000000 0.574281 -0.599353 -1.172537 -0.043754 -0.328263 0.157733 0.930295
97.200000 0.528564 -0.600263 -1.191776 -0.043289 -0.314612 0.158634 0.934869
97.400000 0.487180 -0.603880 -1.213743 -0.040178 -0.301680 0.158987 0.939201
97.600000 0.443233 -0.614891 -1.222414 -0.033761 -0.290241 0.156293 0.943500
97.800000 0.393121 -0.624353 -1.224809 -0.023227 -0.279836 0.150911 0.947828
98.000000 0.345230 -0.637014 -1.238399 -0.011861 -0.270060 0.142274 0.952200
98.200000 0.300140 -0.649872 -1.249601 -0.004626 -0.262059 0.133045 0.955826
98.400000 0.252746 -0.657239 -1.261379 -0.002384 -0.254781 0.124683 0.958924
98.600000 0.205452 -0.655578 -1.271099 -0.001505 -0.247544 0.119142 0.961522
98.800000 0.160754 -0.653786 -1.278227 -0.001018 -0.240821 0.115203 0.963708
99.000000 0.118079 -0.647216 -1.278831 0.000744 -0.236082 0.113455 0.965087
99.200000 0.076159 -0.641527 -1.277260 0.003147 -0.231378 0.114718 0.966072
99.400000 0.036354 -0.639530 -1.277827 0.004437 -0.224390 0.118304 0.967281
99.600000 -0.008298 -0.636202 -1.280476 0.005331 -0.214582 0.120489 0.969231
99.800000 -0.054164 -0.631258 -1.279809 0.005841 -0.203362 0.121668 0.971497
100.000000 -0.101243 -0.627781 -1.277776 0.007450 -0.192435 0.118738 0.974071
100.200000 -0.146114 -0.622886 -1.274334 0.009878 -0.185051 0.113683 0.976081
100.400000 -0.181007 -0.623564 -1.270149 0.010216 -0.181199 0.110161 0.977204
100.600000 -0.216671 -0.620425 -1.268850 0.008924 -0.178289 0.108292 0.977960
100.800000 -0.249683 -0.616284 -1.266510 0.005657 -0.175885 0.107263 0.978533
101.000000 -0.271500 -0.608846 -1.259137 0.002364 -0.175063 0.108761 0.978529
101.200000 -0.287741 -0.597978 -1.250953 0.001817 -0.176226 0.109125 0.978280
101.400000 -0.293990 -0.592466 -1.236311 0.003463 -0.180651 0.109281 0.977451
101.600000 -0.291116 -0.591555 -1.213295 0.004860 -0.187483 0.111199 0.975941
101.800000 -0.290420 -0.583841 -1.191812 0.006461 -0.193084 0.113668 0.974554
102.000000 -0.297199 -0.569984 -1.169627 0.007971 -0.196062 0.116371 0.973629
102.200000 -0.309204 -0.557973 -1.148062 0.009770 -0.196850 0.117837 0.973278
102.400000 -0.329212 -0.547047 -1.126739 0.013757 -0.196995 0.116791 0.973326
102.600000 -0.345164 -0.542958 -1.111317 0.016547 -0.197689 0.112805 0.973612
102.800000 -0.360354 -0.535710 -1.098215 0.016560 -0.197647 0.108764 0.974080
103.000000 -0.377099 -0.522895 -1.091017 0.013222 -0.195823 0.105813 0.974824
103.200000 -0.396763 -0.509094 -1.081069 0.005943 -0.193219 0.105853 0.975411
103.400000 -0.416898 -0.498144 -1.069909 -0.003010 -0.191352 0.107338 0.975630
103.600000 -0.433665 -0.491244 -1.060601 -0.010149 -0.192190 0.109357 0.975193
103.800000 -0.448263 -0.482606 -1.048544 -0.013277 -0.196359 0.111339 0.974100
104.000000 -0.469004 -0.477270 -1.032954 -0.013086 -0.199549 0.109501 0.973662
104.200000 -0.498855 -0.475198 -1.017480 -0.010507 -0.197762 0.105894 0.974457
104.400000 -0.544934 -0.469047 -1.015286 -0.010586 -0.185024 0.099680 0.977608
104.600000 -0.603532 -0.460970 -1.015513 -0.015734 -0.164229 0.095881 0.981625
104.800000 -0.660761 -0.462032 -1.016903 -0.018629 -0.146126 0.093632 0.984649
105.000000 -0.709829 -0.464475 -1.013702 -0.015004 -0.132572 0.092157 0.986766
105.200000 -0.743982 -0.472482 -1.008240 -0.003028 -0.128644 0.089353 0.987653
105.400000 -0.772062 -0.481467 -1.002710 0.012323 -0.130901 0.085809 0.987598
105.600000 -0.795015 -0.492080 -1.004545 0.025400 -0.135247 0.084567 0.986870
105.800000 -0.813375 -0.498464 -1.008623 0.032812 -0.140106 0.086180 0.985833
106.000000 -0.833924 -0.504081 -1.015033 0.036007 -0.143285 0.088586 0.985051
106.200000 -0.858154 -0.509801 -1.020934 0.037388 -0.143730 0.090318 0.984777
106.400000 -0.885318 -0.511572 -1.024768 0.039330 -0.142885 0.091256 0.984738
106.600000 -0.913318 -0.511648 -1.025913 0.043098 -0.142492 0.091451 0.984619
106.800000 -0.943411 -0.514753 -1.023773 0.046734 -0.141344 0.092201 0.984549
107.000000 -0.972421 -0.519963 -1.021521 0.048445 -0.138997 0.092831 0.984741
107.200000 -1.002772 -0.524363 -1.023754 0.048487 -0.136142 0.091750 0.985239
107.400000 -1.036762 -0.526283 -1.028005 0.048051 -0.132915 0.089078 0.985946
107.600000 -1.070624 -0.526450 -1.031522 0.047157 -0.129388 0.086126 0.986721
107.800000 -1.104276 -0.523360 -1.028661 0.047512 -0.127479 0.083661 0.987164
108.000000 -1.136087 -0.523530 -1.026135 0.048709 -0.125643 0.081492 0.987522
108.200000 -1.172393 -0.528010 -1.026261 0.048523 -0.121092 0.077859 0.988393
108.400000 -1.210697 -0.529046 -1.028394 0.047028 -0.115415 0.073221 0.989498
108.600000 -1.250282 -0.529495 -1.031461 0.044081 -0.108796 0.066606 0.990850
108.800000 -1.289022 -0.530421 -1.034896 0.040543 -0.102432 0.060124 0.992093
109.000000 -1.325815 -0.527684 -1.033135 0.038845 -0.096766 0.055307 0.993010
109.200000 -1.358238 -0.527950 -1.029518 0.039813 -0.090203 0.054066 0.993657
109.400000 -1.390214 -0.534243 -1.023468 0.041882 -0.081785 0.054131 0.994297
109.600000 -1.419581 -0.538784 -1.021006 0.045430 -0.075245 0.055703 0.994571
109.800000 -1.447628 -0.537484 -1.022826 0.049384 -0.072346 0.055097 0.994631
110.000000 -1.468009 -0.540399 -1.020245 0.052037 -0.075281 0.053125 0.994386
110.200000 -1.483092 -0.535285 -1.015543 0.053612 -0.083642 0.049431 0.993824
110.400000 -1.495835 -0.532365 -1.008484 0.053412 -0.092879 0.046418 0.993160
110.600000 -1.513506 -0.529880 -1.004845 0.050781 -0.096988 0.045315 0.992956
110.800000 -1.536533 -0.529872 -1.000437 0.046928 -0.095864 0.047015 0.993175
111.000000 -1.563040 -0.529216 -0.997883 0.043987 -0.090682 0.049761 0.993663
111.200000 -1.588833 -0.532372 -0.996336 0.043772 -0.084580 0.051151 0.994140
111.400000 -1.613846 -0.533763 -0.990423 0.045859 -0.081503 0.049416 0.994390
111.600000 -1.631852 -0.531957 -0.982698 0.049676 -0.080740 0.045364 0.994462
111.800000 -1.651123 -0.531766 -0.981042 0.051470 -0.079331 0.041700 0.994645
112.000000 -1.675793 -0.533280 -0.979363 0.049344 -0.076425 0.038915 0.995093
112.200000 -1.703226 -0.535905 -0.984976 0.044262 -0.072518 0.036996 0.995697
112.400000 -1.733156 -0.537408 -0.991009 0.039555 -0.067291 0.033696 0.996379
112.600000 -1.761636 -0.540317 -0.994279 0.035358 -0.063286 0.029263 0.996939
112.800000 -1.789213 -0.540665 -0.992467 0.032023 -0.061328 0.025732 0.997272
113.000000 -1.811868 -0.538268 -0.992727 0.029047 -0.061379 0.024743 0.997385
113.200000 -1.830914 -0.540099 -0.994363 0.023471 -0.062659 0.026363 0.997411
113.400000 -1.853765 -0.540844 -0.995352 0.016785 -0.063886 0.028345 0.997413
113.600000 -1.880782 -0.543849 -0.998540 0.011141 -0.062241 0.026175 0.997656
113.800000 -1.912313 -0.546897 -1.000591 0.007215 -0.057210 0.021030 0.998115
114.000000 -1.942103 -0.545217 -0.998924 0.004540 -0.051857 0.015997 0.998516
114.200000 -1.967778 -0.540074 -0.998277 0.003126 -0.047609 0.012949 0.998777
114.400000 -1.987567 -0.537897 -1.000434 0.001292 -0.045248 0.014039 0.998876
114.600000 -2.000902 -0.536423 -1.000391 -0.001560 -0.046048 0.017480 0.998785
114.800000 -2.008145 -0.535446 -1.001223 -0.005663 -0.048462 0.020506 0.998598
115.000000 -2.012145 -0.539575 -1.001859 -0.009857 -0.050767 0.021313 0.998434
115.200000 -2.015880 -0.547845 -1.002672 -0.014627 -0.052213 0.018679 0.998354
115.400000 -2.022591 -0.550761 -1.005599 -0.020196 -0.051887 0.014327 0.998346
115.600000 -2.037665 -0.547786 -1.013357 -0.025347 -0.047533 0.008027 0.998516
115.800000 -2.055560 -0.542613 -1.016941 -0.029034 -0.041138 0.000776 0.998731
116.000000 -2.074124 -0.537248 -1.010500 -0.030433 -0.034355 -0.004877 0.998934
116.200000 -2.087963 -0.529517 -0.996661 -0.026433 -0.028675 -0.008138 0.999206
116.400000 -2.099550 -0.522687 -0.976412 -0.018450 -0.024274 -0.010184 0.999483
116.600000 -2.107053 -0.519075 -0.955705 -0.009346 -0.022056 -0.010314 0.999660
116.800000 -2.118001 -0.509998 -0.937903 -0.002031 -0.020023 -0.010088 0.999747
117.000000 -2.130943 -0.502334 -0.918527 0.002185 -0.017779 -0.010011 0.999789
117.200000 -2.148896 -0.497895 -0.899194 0.002603 -0.014211 -0.010583 0.999840
117.400000 -2.168691 -0.490039 -0.881130 0.001738 -0.008947 -0.010260 0.999906
117.600000 -2.189282 -0.477583 -0.865447 0.001077 -0.003469 -0.008846 0.999954
117.800000 -2.207035 -0.467159 -0.846644 0.001002 -0.000025 -0.005289 0.999986
118.000000 -2.212737 -0.459511 -0.827832 0.002452 0.000182 -0.000377 0.999997
118.200000 -2.243729 -0.454673 -0.811869 0.005313 0.005489 0.002361 0.999968
118.400000 -2.262285 -0.444172 -0.797574 0.010653 0.008055 0.004060 0.999903
118.600000 -2.283867 -0.439261 -0.787131 0.016416 0.009329 0.004993 0.999809
118.800000 -2.301357 -0.440278 -0.778738 0.021159 0.007848 0.005877 0.999728
119.000000 -2.312341 -0.441589 -0.775554 0.024232 0.003836 0.005850 0.999682
119.200000 -2.324394 -0.441494 -0.778616 0.023824 0.000455 0.003849 0.999709
119.400000 -2.340997 -0.445258 -0.782140 0.019220 -0.000751 0.000783 0.999815
119.600000 -2.365331 -0.449964 -0.792113 0.014528 0.000819 -0.004092 0.999886
119.800000 -2.390634 -0.455052 -0.797891 0.012199 0.003112 -0.008564 0.999884
120.000000 -2.408317 -0.460309 -0.800094 0.012337 0.003917 -0.010719 0.999859
120.200000 -2.430972 -0.460431 -0.801962 0.016095 0.007143 -0.012291 0.999769
120.400000 -2.457653 -0.460258 -0.805440 0.019500 0.011825 -0.013999 0.999642
120.600000 -2.478991 -0.468087 -0.808699 0.020906 0.014639 -0.013547 0.999582
120.800000 -2.505188 -0.474244 -0.818059 0.020862 0.017168 -0.013962 0.999537
121.000000 -2.535343 -0.481953 -0.826098 0.019996 0.019883 -0.016183 0.999471
121.200000 -2.556350 -0.485527 -0.830436 0.019495 0.020696 -0.017194 0.999448
121.400000 -2.579677 -0.484873 -0.832843 0.021230 0.022708 -0.017728 0.999359
121.600000 -2.605801 -0.484856 -0.834204 0.024599 0.026267 -0.019632 0.999159
121.800000 -2.632389 -0.491060 -0.834262 0.029042 0.030888 -0.021714 0.998865
122.000000 -2.666419 -0.501337 -0.834412 0.035485 0.036628 -0.026515 0.998347
122.200000 -2.706789 -0.509907 -0.838054 0.044026 0.043138 -0.034418 0.997505
122.400000 -2.741353 -0.513585 -0.838996 0.055275 0.047432 -0.040817 0.996508
122.600000 -2.765494 -0.517952 -0.840491 0.066211 0.048019 -0.043598 0.995695
122.800000 -2.784694 -0.513351 -0.835865 0.076611 0.045440 -0.044380 0.995036
123.000000 -2.800418 -0.508155 -0.830834 0.081235 0.039269 -0.042941 0.994995
123.200000 -2.825524 -0.507134 -0.825492 0.080318 0.039780 -0.043345 0.995032
123.400000 -2.851761 -0.504271 -0.821598 0.076790 0.047575 -0.041519 0.995046
123.600000 -2.876858 -0.496868 -0.811583 0.071267 0.057053 -0.036867 0.995142
123.800000 -2.903281 -0.494152 -0.816488 0.065749 0.067614 -0.032182 0.995022
124.000000 -2.929048 -0.492087 -0.817626 0.061651 0.074346 -0.029418 0.994890
124.200000 -2.955026 -0.489341 -0.812102 0.064633 0.081055 -0.032266 0.994088
124.400000 -2.979174 -0.487173 -0.807524 0.068285 0.085613 -0.035497 0.993352
124.600000 -3.007549 -0.488192 -0.801463 0.069598 0.090392 -0.040245 0.992656
124.800000 -3.037118 -0.485322 -0.799729 0.068922 0.095056 -0.044607 0.992081
125.000000 -3.069677 -0.484211 -0.799805 0.067067 0.099452 -0.050491 0.991495
125.200000 -3.102856 -0.484096 -0.799725 0.065341 0.102997 -0.055595 0.990975
125.400000 -3.134562 -0.484319 -0.799132 0.067646 0.105663 -0.059804 0.990294
125.600000 -3.155950 -0.482869 -0.791958 0.075064 0.106397 -0.063946 0.989422
125.800000 -3.172475 -0.483831 -0.783615 0.083597 0.105732 -0.067505 0.988572
126.000000 -3.189999 -0.481117 -0.777178 0.090953 0.104955 -0.070820 0.987773
126.200000 -3.209182 -0.479628 -0.776137 0.086177 0.104297 -0.072907 0.988120
126.400000 -3.226938 -0.478170 -0.781955 0.068452 0.105856 -0.070018 0.989549
126.600000 -3.239683 -0.476897 -0.781794 0.046933 0.109492 -0.063614 0.990839
126.800000 -3.247398 -0.478460 -0.789720 0.024400 0.114215 -0.055024 0.991631
127.000000 -3.254500 -0.480310 -0.800816 0.002296 0.120543 -0.047151 0.991585
127.200000 -3.263014 -0.480079 -0.807073 -0.018402 0.127742 -0.042336 0.990733
127.400000 -3.269670 -0.482742 -0.810486 -0.035996 0.134454 -0.040822 0.989424
127.600000 -3.277747 -0.480291 -0.811762 -0.047996 0.140259 -0.042958 0.988017
127.800000 -3.274239 -0.479419 -0.806717 -0.038032 0.139711 -0.047249 0.988333
128.000000 -3.267698 -0.477827 -0.796791 -0.007297 0.137586 -0.053462 0.989019
128.200000 -3.266054 -0.477402 -0.785681 0.023815 0.136759 -0.061493 0.988407
128.400000 -3.267691 -0.479202 -0.776030 0.050035 0.136786 -0.069646 0.986882
128.600000 -3.268910 -0.483589 -0.767730 0.069432 0.136298 -0.075591 0.985336
128.800000 -3.269157 -0.487298 -0.761863 0.081168 0.135231 -0.079059 0.984314
129.000000 -3.269932 -0.488409 -0.761143 0.083624 0.134242 -0.079904 0.984176
129.200000 -3.268464 -0.486619 -0.764223 0.077386 0.133630 -0.078105 0.984913
129.400000 -3.267374 -0.481037 -0.767816 0.065177 0.133420 -0.075335 0.986040
129.600000 -3.264273 -0.477498 -0.772094 0.050195 0.133203 -0.071429 0.987236
129.800000 -3.263946 -0.473453 -0.778628 0.035625 0.133136 -0.067536 0.988152
130.000000 -3.261549 -0.467888 -0.785833 0.022722 0.132657 -0.063538 0.988862
130.200000 -3.260302 -0.462707 -0.790637 0.009985 0.132432 -0.059353 0.989363
130.400000 -3.256684 -0.454200 -0.795850 -0.001954 0.131955 -0.055657 0.989690
130.600000 -3.258986 -0.447739 -0.798320 -0.014183 0.132879 -0.052423 0.989643
130.800000 -3.253947 -0.442079 -0.801463 -0.026644 0.133152 -0.049191 0.989515
131.000000 -3.258221 -0.433897 -0.801458 -0.040104 0.135842 -0.046579 0.988822
131.200000 -3.259527 -0.423238 -0.804418 -0.054765 0.138295 -0.043954 0.987898
131.400000 -3.265099 -0.423458 -0.807721 -0.073045 0.141230 -0.041333 0.986413
131.600000 -3.267683 -0.412582 -0.809560 -0.088597 0.143339 -0.039723 0.984899
131.800000 -3.266683 -0.411428 -0.811108 -0.101788 0.143851 -0.038717 0.983589
132.000000 -3.265152 -0.405697 -0.813002 -0.106649 0.143162 -0.038635 0.983177
132.200000 -3.258583 -0.406687 -0.811564 -0.102096 0.140159 -0.038959 0.984080
132.400000 -3.250138 -0.412941 -0.805160 -0.086123 0.136049 -0.040408 0.986124
132.600000 -3.244457 -0.421524 -0.797168 -0.063147 0.132540 -0.043814 0.988193
132.800000 -3.242342 -0.440376 -0.787441 -0.036746 0.129555 -0.049129 0.989673
133.000000 -3.242563 -0.453468 -0.778774 -0.007107 0.126948 -0.056227 0.990289
133.200000 -3.243393 -0.464535 -0.767801 0.023514 0.124687 -0.064163 0.989840
133.400000 -3.245497 -0.475008 -0.759699 0.051444 0.122436 -0.070399 0.988639
133.600000 -3.248335 -0.485957 -0.755666 0.072979 0.120241 -0.074252 0.987270
133.800000 -3.250370 -0.493259 -0.756724 0.084309 0.117913 -0.074509 0.986629
134.000000 -3.253112 -0.491850 -0.764667 0.075650 0.116640 -0.067007 0.988019
134.200000 -3.255151 -0.483920 -0.774818 0.055172 0.117066 -0.057099 0.989945
134.400000 -3.263777 -0.474212 -0.785383 0.031499 0.119973 -0.052266 0.990900
134.600000 -3.274248 -0.464802 -0.788935 0.007801 0.124372 -0.050577 0.990915
134.800000 -3.288395 -0.451451 -0.785480 -0.016852 0.130125 -0.052580 0.989959
135.000000 -3.305904 -0.437678 -0.775088 -0.042861 0.137379 -0.056021 0.988004
135.200000 -3.327521 -0.423830 -0.769582 -0.069640 0.146656 -0.057893 0.985033
135.400000 -3.349845 -0.414995 -0.767694 -0.093353 0.156712 -0.057856 0.981519
135.600000 -3.376707 -0.419473 -0.763434 -0.111462 0.167454 -0.056333 0.977938
135.800000 -3.395225 -0.417770 -0.765971 -0.116721 0.174160 -0.052734 0.976352
136.000000 -3.406233 -0.419632 -0.768860 -0.111501 0.176084 -0.049764 0.976773
136.200000 -3.400286 -0.427944 -0.771960 -0.092813 0.168857 -0.048785 0.980047
136.400000 -3.392629 -0.436331 -0.772827 -0.068089 0.158032 -0.048303 0.983899
136.600000 -3.380145 -0.447962 -0.773569 -0.040929 0.144399 -0.046746 0.987567
136.800000 -3.367817 -0.462558 -0.774276 -0.015893 0.129276 -0.044836 0.990467
137.000000 -3.342343 -0.478323 -0.773398 0.002561 0.110259 -0.040601 0.993070
137.200000 -3.308351 -0.477207 -0.758092 0.015112 0.088421 -0.033764 0.995396
137.400000 -3.261331 -0.461454 -0.735747 0.021347 0.064091 -0.025476 0.997390
137.600000 -3.226310 -0.459923 -0.726265 0.018888 0.043622 -0.018377 0.998700
137.800000 -3.200255 -0.446788 -0.724093 0.016536 0.029474 -0.015242 0.999313
138.000000 -3.198037 -0.445704 -0.721622 0.012267 0.024496 -0.014633 0.999518
138.200000 -3.204559 -0.441417 -0.722354 0.006864 0.024240 -0.015067 0.999569
138.400000 -3.216350 -0.436287 -0.726148 -0.001413 0.025806 -0.013893 0.999569
138.600000 -3.226844 -0.424833 -0.730757 -0.012820 0.026748 -0.011805 0.999490
138.800000 -3.235423 -0.410370 -0.736297 -0.027035 0.026792 -0.010455 0.999221
139.000000 -3.245105 -0.401251 -0.742145 -0.042491 0.025847 -0.010517 0.998707
139.200000 -3.247217 -0.391179 -0.747345 -0.054210 0.021921 -0.008585 0.998252
139.400000 -3.243690 -0.397729 -0.746909 -0.060594 0.016361 -0.005797 0.998012
139.600000 -3.236885 -0.405037 -0.741339 -0.058336 0.009750 -0.001527 0.998248
139.800000 -3.230949 -0.411961 -0.730288 -0.044577 0.005636 0.000978 0.998990
140.000000 -3.229315 -0.418607 -0.719980 -0.025830 0.002592 0.002375 0.999660
140.200000 -3.226454 -0.426772 -0.705392 -0.003881 -0.002206 0.004394 0.999980
140.400000 -3.221653 -0.432467 -0.689128 0.018271 -0.010397 0.008397 0.999744
140.600000 -3.220573 -0.443513 -0.674584 0.036599 -0.018982 0.012749 0.999068
140.800000 -3.221191 -0.446856 -0.666355 0.049092 -0.025223 0.016366 0.998342
141.000000 -3.224744 -0.446947 -0.662843 0.052005 -0.026315 0.018291 0.998132
141.200000 -3.231687 -0.437434 -0.667416 0.044666 -0.023275 0.018572 0.998558
141.400000 -3.243781 -0.424833 -0.675502 0.026403 -0.019156 0.018828 0.999290
141.600000 -3.256770 -0.411548 -0.686640 -0.001038 -0.016783 0.017426 0.999707
141.800000 -3.277594 -0.403346 -0.700860 -0.033816 -0.016630 0.013310 0.999201
142.000000 -3.300949 -0.413044 -0.711627 -0.065520 -0.016354 0.007551 0.997689
142.200000 -3.327395 -0.410897 -0.717123 -0.080532 -0.014542 -0.000322 0.996646
142.400000 -3.329490 -0.411596 -0.707026 -0.069876 -0.019021 -0.002304 0.997372
142.600000 -3.330778 -0.412613 -0.693316 -0.046061 -0.023963 0.001974 0.998649
142.800000 -3.334027 -0.413350 -0.674819 -0.022031 -0.028757 0.006434 0.999323
143.000000 -3.341235 -0.418322 -0.665171 -0.001211 -0.032210 0.008509 0.999444
143.200000 -3.353646 -0.423254 -0.652938 0.013168 -0.034343 0.008816 0.999284
143.400000 -3.373039 -0.423716 -0.646299 0.019803 -0.035254 0.007372 0.999155
143.600000 -3.391536 -0.421894 -0.648156 0.011897 -0.036661 0.006063 0.999239
143.800000 -3.411273 -0.417977 -0.652175 -0.001882 -0.037443 0.003696 0.999290
144.000000 -3.424384 -0.412972 -0.655774 -0.014825 -0.039408 0.002526 0.999110
144.200000 -3.436942 -0.412332 -0.654329 -0.026083 -0.044194 0.002521 0.998679
144.400000 -3.440958 -0.414747 -0.649516 -0.036706 -0.052432 0.004232 0.997941
144.600000 -3.446735 -0.411084 -0.645126 -0.046387 -0.060723 0.008132 0.997043
144.800000 -3.450225 -0.401355 -0.637806 -0.054157 -0.068152 0.013395 0.996114
145.000000 -3.458237 -0.390877 -0.627799 -0.056767 -0.071394 0.019123 0.995648
145.200000 -3.469872 -0.384782 -0.611938 -0.045944 -0.072085 0.024262 0.996044
145.400000 -3.486347 -0.381353 -0.599891 -0.027860 -0.071048 0.028387 0.996680
145.600000 -3.501427 -0.380909 -0.580285 -0.006766 -0.070470 0.031965 0.996979
145.800000 -3.517327 -0.385238 -0.562939 0.011858 -0.070586 0.033773 0.996863
146.000000 -3.536464 -0.392034 -0.560847 0.016478 -0.073694 0.031103 0.996660
146.200000 -3.553131 -0.392160 -0.562536 0.011988 -0.077788 0.029240 0.996469
146.400000 -3.563983 -0.386351 -0.560263 0.003088 -0.081668 0.030891 0.996176
146.600000 -3.578825 -0.382714 -0.564613 -0.006413 -0.080986 0.032184 0.996175
146.800000 -3.594770 -0.375221 -0.556171 -0.013301 -0.076558 0.032321 0.996452
147.000000 -3.655736 -0.367413 -0.566171 -0.014561 -0.058111 0.028467 0.997798
147.200000 -3.707996 -0.367802 -0.564768 -0.012313 -0.040991 0.023206 0.998814
147.400000 -3.750815 -0.372884 -0.561950 -0.010669 -0.028366 0.019514 0.999350
147.600000 -3.792684 -0.369868 -0.559793 -0.011010 -0.019226 0.016847 0.999613
147.800000 -3.832627 -0.360951 -0.559489 -0.012196 -0.012441 0.015213 0.999732
148.000000 -3.873219 -0.355269 -0.555513 -0.011845 -0.005052 0.013713 0.999823
148.200000 -3.907391 -0.350634 -0.545116 -0.007958 0.000647 0.012488 0.999890
148.400000 -3.940532 -0.348760 -0.536538 -0.003834 0.006264 0.011606 0.999906
148.600000 -3.976864 -0.344500 -0.531069 0.000017 0.012073 0.010724 0.999870
148.800000 -4.010511 -0.342736 -0.526702 0.000826 0.017255 0.009275 0.999808
149.000000 -4.044332 -0.343921 -0.522717 0.000818 0.022102 0.008511 0.999719
149.200000 -4.075310 -0.344433 -0.515061 0.002674 0.026124 0.007531 0.999627
149.400000 -4.105641 -0.342845 -0.506822 0.006410 0.029832 0.007069 0.999509
149.600000 -4.135939 -0.343479 -0.498864 0.008478 0.034450 0.006439 0.999350
149.800000 -4.170731 -0.340836 -0.491401 0.008237 0.039706 0.004658 0.999167
150.000000 -4.208518 -0.340937 -0.486867 0.006121 0.045055 0.001240 0.998965
150.200000 -4.249044 -0.345981 -0.482061 0.003784 0.050226 -0.002515 0.998728
150.400000 -4.286883 -0.346123 -0.475098 0.002797 0.054311 -0.006492 0.998499
150.600000 -4.317599 -0.336736 -0.465037 0.002685 0.057250 -0.009220 0.998314
150.800000 -4.346644 -0.330051 -0.456764 0.001678 0.060514 -0.010600 0.998110
151.000000 -4.378144 -0.326101 -0.446123 -0.001296 0.065869 -0.012678 0.997747
151.200000 -4.407640 -0.320539 -0.433886 -0.004918 0.072329 -0.015240 0.997252
151.400000 -4.432325 -0.310969 -0.420688 -0.008217 0.079425 -0.017806 0.996648
151.600000 -4.456838 -0.304645 -0.407086 -0.010000 0.086495 -0.021832 0.995963
151.800000 -4.474986 -0.298471 -0.391891 -0.010532 0.090818 -0.026370 0.995463
152.000000 -4.483199 -0.291637 -0.375192 -0.008319 0.089992 -0.028889 0.995489
152.200000 -4.484683 -0.283259 -0.358479 -0.005266 0.085754 -0.030182 0.995845
152.400000 -4.487070 -0.279333 -0.340754 -0.003165 0.080867 -0.031845 0.996211
152.600000 -4.487804 -0.273242 -0.327936 -0.002555 0.075665 -0.031829 0.996622
152.800000 -4.485463 -0.268204 -0.314405 -0.005351 0.069030 -0.027840 0.997212
153.000000 -4.483598 -0.264738 -0.307044 -0.009532 0.062777 -0.021742 0.997745
153.200000 -4.463896 -0.260221 -0.303215 -0.014477 0.050450 -0.007593 0.998593
153.400000 -4.460565 -0.252233 -0.290057 -0.009941 0.048119 0.002635 0.998789
153.600000 -4.474040 -0.238114 -0.276634 0.002311 0.053393 0.005104 0.998558
153.800000 -4.498962 -0.230633 -0.262064 0.016361 0.058401 -0.001739 0.998158
154.000000 -4.533790 -0.226831 -0.262498 0.009009 0.056705 -0.014909 0.998239
154.200000 -4.534314 -0.226531 -0.264876 -0.000663 0.050314 -0.007801 0.998703
154.400000 -4.481809 -0.208820 -0.271290 -0.007238 0.036471 0.007912 0.999277
154.600000 -4.493650 -0.217383 -0.279564 -0.013688 0.037052 0.018558 0.999047
154.800000 -4.526891 -0.224959 -0.283226 -0.014400 0.037344 0.017434 0.999047
155.000000 -4.525644 -0.224749 -0.285522 -0.010130 0.027709 0.022284 0.999316
155.200000 -4.525117 -0.224689 -0.285221 -0.003616 0.020940 0.028212 0.999376
155.400000 -4.577325 -0.241241 -0.287655 -0.001924 0.030118 0.028487 0.999138
155.600000 -4.622924 -0.250416 -0.292434 -0.001849 0.042840 0.025641 0.998751
155.800000 -4.684483 -0.251684 -0.299076 -0.002018 0.059842 0.018571 0.998033
156.000000 -4.748373 -0.259222 -0.296508 -0.002145 0.077064 0.009731 0.996976
156.200000 -4.796564 -0.264663 -0.293747 0.000130 0.088970 0.002452 0.996031
156.400000 -4.839934 -0.263802 -0.285949 0.004406 0.096708 -0.004498 0.995293
156.600000 -4.877002 -0.260931 -0.276964 0.007900 0.100389 -0.010952 0.994857
156.800000 -4.915098 -0.258577 -0.267477 0.010440 0.104681 -0.014934 0.994339
157.000000 -4.954882 -0.260220 -0.259056 0.010678 0.111622 -0.018081 0.993529
157.200000 -5.000889 -0.261871 -0.252393 0.008344 0.122121 -0.022226 0.992231
157.400000 -5.053701 -0.258063 -0.245980 0.004800 0.135291 -0.027294 0.990418
157.600000 -5.102736 -0.256367 -0.236927 0.001100 0.148422 -0.033119 0.988369
157.800000 -5.140744 -0.249009 -0.222706 -0.000123 0.158682 -0.038580 0.986576
158.000000 -5.169741 -0.240550 -0.207665 0.002070 0.166035 -0.044251 0.985124
158.200000 -5.201367 -0.236794 -0.188796 0.003079 0.173140 -0.052436 0.983496
158.400000 -5.229840 -0.235785 -0.176129 0.000215 0.178348 -0.060033 0.982134
158.600000 -5.249660 -0.230757 -0.169870 -0.010487 0.180000 -0.064929 0.981465
158.800000 -5.250906 -0.222829 -0.184033 -0.034788 0.177489 -0.057638 0.981817
159.000000 -5.252787 -0.230537 -0.195700 -0.060996 0.174152 -0.048760 0.981618
159.200000 -5.241889 -0.234677 -0.210306 -0.081817 0.167289 -0.040475 0.981673
159.400000 -5.229174 -0.236655 -0.223650 -0.096037 0.161057 -0.035058 0.981636
159.600000 -5.225528 -0.236351 -0.232158 -0.103993 0.160035 -0.032641 0.981075
159.800000 -5.238141 -0.231359 -0.228608 -0.105399 0.167803 -0.034194 0.979573
160.000000 -5.267123 -0.223042 -0.212672 -0.102768 0.184817 -0.039302 0.976595
160.200000 -5.306109 -0.212250 -0.184901 -0.097408 0.207636 -0.046202 0.972247
160.400000 -5.343387 -0.195285 -0.155757 -0.089261 0.229801 -0.053666 0.967649
160.600000 -5.363837 -0.182708 -0.133661 -0.079295 0.245025 -0.060398 0.964379
160.800000 -5.375282 -0.175117 -0.115015 -0.067293 0.254059 -0.066536 0.962548
161.000000 -5.377703 -0.170421 -0.102800 -0.052520 0.256724 -0.072120 0.962358
161.200000 -5.375540 -0.172991 -0.094780 -0.036803 0.255324 -0.077263 0.963061
161.400000 -5.372202 -0.179015 -0.087251 -0.021320 0.252089 -0.082121 0.963978
161.600000 -5.369296 -0.184728 -0.083261 -0.006450 0.247191 -0.086525 0.965074
161.800000 -5.364132 -0.194575 -0.086588 0.006331 0.239183 -0.089684 0.966803
162.000000 -5.350781 -0.209311 -0.100184 0.015915 0.225948 -0.091309 0.969720
162.200000 -5.334554 -0.229339 -0.119195 0.021246 0.208765 -0.089786 0.973604
162.400000 -5.306720 -0.246601 -0.147995 0.023341 0.186666 -0.082180 0.978702
162.600000 -5.277365 -0.265016 -0.179876 0.020610 0.163954 -0.068599 0.983864
162.800000 -5.228843 -0.272271 -0.211541 0.015251 0.139378 -0.053682 0.988665
163.000000 -5.182221 -0.268168 -0.232806 0.007637 0.119432 -0.040380 0.991992
163.200000 -5.128829 -0.264963 -0.250585 -0.003563 0.102247 -0.030715 0.994278
163.400000 -5.106265 -0.256893 -0.256486 -0.015554 0.094789 -0.027352 0.995000
163.600000 -5.090520 -0.252252 -0.261966 -0.028602 0.090446 -0.026498 0.995138
163.800000 -5.080603 -0.254010 -0.265984 -0.041680 0.087563 -0.025652 0.994956
164.000000 -5.077388 -0.257957 -0.270535 -0.053647 0.086609 -0.024901 0.994485
164.200000 -5.075079 -0.256167 -0.273238 -0.061965 0.087120 -0.024398 0.993969
164.400000 -5.078305 -0.254196 -0.273009 -0.067964 0.091224 -0.024076 0.993217
164.600000 -5.092761 -0.244968 -0.268721 -0.070667 0.101061 -0.024326 0.992069
164.800000 -5.125455 -0.238218 -0.259990 -0.072818 0.117812 -0.025897 0.990024
165.000000 -5.180088 -0.224805 -0.243282 -0.072598 0.141500 -0.029706 0.986826
165.200000 -5.218672 -0.212812 -0.223821 -0.071079 0.163780 -0.034970 0.983311
165.400000 -5.251289 -0.204090 -0.201508 -0.068275 0.185066 -0.041733 0.979463
165.600000 -5.290060 -0.197081 -0.173978 -0.063410 0.206464 -0.049231 0.975155
165.800000 -5.321784 -0.190772 -0.148068 -0.055319 0.223511 -0.056229 0.971504
166.000000 -5.332767 -0.186838 -0.134055 -0.044964 0.231508 -0.061770 0.969828
166.200000 -5.331864 -0.190882 -0.127308 -0.034882 0.230420 -0.064574 0.970320
166.400000 -5.314054 -0.200386 -0.139222 -0.026887 0.218532 -0.063024 0.973421
166.600000 -5.278777 -0.212879 -0.163514 -0.021504 0.196678 -0.057682 0.978534
166.800000 -5.235226 -0.225863 -0.190714 -0.018841 0.168696 -0.049755 0.984231
167.000000 -5.176897 -0.237469 -0.216332 -0.016756 0.134700 -0.040359 0.989922
167.200000 -5.086524 -0.266592 -0.242017 -0.018350 0.091753 -0.028728 0.995198
167.400000 -5.044556 -0.306284 -0.245112 -0.023533 0.055903 -0.016272 0.998026
167.600000 -4.900267 -0.272942 -0.231505 -0.016594 -0.002446 -0.002474 0.999856
167.800000 -5.062512 -0.302242 -0.241168 -0.024635 -0.001083 0.012775 0.999614
168.000000 -5.072108 -0.295723 -0.202084 -0.029003 -0.029937 0.030849 0.998655
168.200000 -5.070773 -0.299125 -0.209152 -0.036415 -0.058210 0.044186 0.996661
168.400000 -5.068442 -0.301606 -0.214318 -0.043697 -0.079922 0.054932 0.994327
168.600000 -5.066797 -0.302612 -0.216363 -0.049783 -0.091938 0.060852 0.992656
168.800000 -5.066211 -0.302563 -0.216620 -0.054091 -0.094146 0.060785 0.992228
169.000000 -5.066413 -0.301350 -0.215170 -0.055301 -0.089121 0.055368 0.992942
169.200000 -5.067007 -0.300020 -0.211876 -0.053488 -0.080530 0.048311 0.994143
169.400000 -5.067447 -0.298549 -0.207303 -0.051320 -0.072701 0.042682 0.995118
169.600000 -5.067823 -0.297320 -0.202582 -0.049493 -0.067559 0.039454 0.995706
169.800000 -5.071250 -0.292778 -0.192350 -0.049118 -0.062620 0.041547 0.995962
170.000000 -5.070660 -0.292863 -0.189958 -0.050450 -0.059424 0.042100 0.996068
170.200000 -5.069778 -0.292863 -0.187710 -0.052426 -0.057280 0.041558 0.996114
170.400000 -5.068711 -0.292700 -0.185668 -0.054191 -0.056458 0.041187 0.996082
170.600000 -5.067367 -0.292451 -0.185162 -0.055331 -0.057720 0.039701 0.996007
170.800000 -5.066128 -0.292530 -0.184473 -0.055556 -0.061966 0.036006 0.995880
171.000000 -5.064885 -0.292372 -0.184182 -0.055079 -0.067606 0.031961 0.995678
171.200000 -5.063737 -0.292284 -0.183923 -0.055306 -0.071706 0.029365 0.995458
171.400000 -5.062770 -0.292365 -0.182977 -0.057893 -0.074054 0.028620 0.995161
171.600000 -5.061857 -0.292400 -0.181375 -0.063014 -0.075995 0.029897 0.994666
171.800000 -5.060902 -0.292498 -0.179847 -0.068400 -0.077744 0.032719 0.994086
172.000000 -5.059877 -0.292444 -0.178644 -0.071054 -0.079834 0.035490 0.993639
172.200000 -5.059359 -0.292276 -0.176292 -0.071594 -0.082571 0.036548 0.993338
172.400000 -5.058244 -0.292130 -0.175417 -0.070483 -0.086122 0.035243 0.993163
172.600000 -5.057178 -0.291746 -0.174356 -0.069218 -0.089992 0.034381 0.992939
172.800000 -5.055970 -0.291636 -0.173583 -0.070365 -0.093334 0.033809 0.992570
173.000000 -5.054633 -0.291199 -0.172667 -0.072366 -0.096313 0.033096 0.992165
173.200000 -5.057351 -0.287500 -0.165507 -0.073492 -0.097000 0.034799 0.991957
173.400000 -5.057081 -0.286021 -0.163278 -0.073087 -0.097969 0.033268 0.991944
173.600000 -5.056571 -0.284642 -0.161413 -0.071498 -0.100592 0.031468 0.991856
173.800000 -5.059147 -0.280216 -0.155278 -0.068229 -0.103533 0.037097 0.991589
174.000000 -5.058617 -0.280219 -0.153731 -0.067877 -0.107091 0.037973 0.991202
174.200000 -5.058125 -0.280363 -0.151845 -0.069968 -0.109967 0.039898 0.990666
174.400000 -5.057705 -0.280450 -0.150158 -0.073515 -0.111655 0.040860 0.990181
174.600000 -5.057266 -0.280628 -0.148607 -0.076438 -0.112343 0.040983 0.989877
174.800000 -5.056806 -0.280806 -0.146726 -0.077474 -0.114662 0.039415 0.989594
175.000000 -5.056395 -0.280926 -0.145184 -0.076080 -0.117666 0.037112 0.989439
175.200000 -5.055976 -0.281021 -0.143660 -0.075018 -0.119672 0.036559 0.989300
175.400000 -5.055495 -0.281197 -0.141894 -0.075724 -0.121015 0.035320 0.989128
175.600000 -5.055003 -0.281426 -0.140274 -0.077711 -0.121930 0.032605 0.988954
175.800000 -5.054455 -0.281619 -0.138659 -0.078703 -0.123080 0.028984 0.988846
176.000000 -5.054025 -0.281770 -0.137187 -0.078463 -0.126893 0.026696 0.988448
176.200000 -5.053725 -0.281893 -0.135769 -0.076051 -0.134910 0.026900 0.987569
176.400000 -5.053398 -0.281874 -0.134489 -0.073000 -0.144542 0.030719 0.986324
176.600000 -5.053081 -0.281836 -0.133096 -0.071757 -0.152949 0.034290 0.985029
176.800000 -5.052723 -0.281862 -0.131921 -0.073674 -0.159856 0.034669 0.983776
177.000000 -5.052260 -0.281927 -0.130858 -0.077403 -0.165412 0.032491 0.982645
177.200000 -5.051862 -0.281874 -0.129752 -0.080357 -0.171546 0.030972 0.981405
177.400000 -5.051587 -0.281974 -0.128562 -0.082276 -0.179602 0.033172 0.979731
177.600000 -5.051428 -0.282122 -0.127244 -0.082183 -0.187490 0.039323 0.978032
177.800000 -5.051248 -0.282218 -0.125933 -0.081780 -0.192415 0.046139 0.976811
178.000000 -5.051036 -0.282191 -0.124485 -0.081561 -0.194490 0.048630 0.976297
178.200000 -5.050657 -0.282168 -0.123328 -0.082948 -0.196051 0.046685 0.975963
178.400000 -5.050194 -0.282137 -0.122100 -0.084657 -0.199300 0.041728 0.975383
178.600000 -5.049757 -0.282099 -0.121138 -0.086103 -0.204495 0.037578 0.974349
178.800000 -5.049388 -0.282173 -0.120136 -0.087590 -0.211705 0.035297 0.972761
179.000000 -5.049184 -0.282142 -0.118969 -0.087853 -0.219064 0.035757 0.971089
179.200000 -5.049005 -0.281923 -0.117820 -0.088120 -0.225122 0.037068 0.969629
179.400000 -5.048734 -0.281767 -0.116728 -0.089759 -0.230454 0.038871 0.968155
179.600000 -5.048361 -0.281737 -0.115598 -0.092351 -0.236050 0.038664 0.966570
179.800000 -5.047925 -0.281694 -0.114619 -0.093243 -0.240948 0.037491 0.965321
180.000000 -5.047458 -0.281677 -0.113696 -0.092803 -0.246959 0.036829 0.963869
180.200000 -5.047165 -0.281720 -0.112423 -0.092301 -0.254805 0.037222 0.961857
180.400000 -5.046583 -0.281588 -0.111633 -0.092084 -0.262286 0.039956 0.959755
180.600000 -5.047438 -0.278703 -0.110123 -0.090646 -0.268047 0.049863 0.957835
180.800000 -5.047227 -0.278315 -0.109262 -0.093691 -0.273584 0.051804 0.955871
181.000000 -5.047449 -0.277846 -0.108255 -0.094966 -0.276725 0.050175 0.954928
181.200000 -5.047779 -0.277325 -0.107133 -0.095374 -0.277003 0.046046 0.955015
