1311875596.273755 -0.004204158 0.000565159 0.000171543 -0.002391388 -0.008489517 0.000605022 0.999960899
1311875596.309548 -0.004094267 0.000475535 0.000364060 -0.004553402 -0.013018120 0.002421825 0.999901950
1311875596.341565 -0.003865874 0.000360095 0.000849918 -0.006138252 -0.019662358 0.002914980 0.999783576
1311875596.373573 -0.011481678 0.001380888 -0.002140284 -0.009122290 -0.021577831 0.000990677 0.999725044
1311875596.409548 -0.010965777 0.001253251 -0.000870835 -0.011113773 -0.026857175 0.001175359 0.999576807
1311875596.441518 -0.010390208 0.001063728 -0.000643548 -0.012696904 -0.030692207 -0.000254838 0.999448240
1311875596.473575 -0.010058877 0.000852577 0.000592523 -0.013156952 -0.034553915 0.000782549 0.999315917
1311875596.509558 -0.010239813 0.000855495 0.000106483 -0.013928529 -0.039406054 -0.000210025 0.999126136
1311875596.541645 -0.009659222 0.000643756 0.000373354 -0.015692966 -0.044637259 0.004610013 0.998869359
1311875596.575663 -0.010193495 0.001206599 -0.001587640 -0.018194417 -0.050192509 0.007934612 0.998542309
1311875596.609548 0.008486076 0.001771648 0.008597760 -0.019250285 -0.074235991 0.009886515 0.997005880
1311875596.641478 -0.010947431 -0.000690076 0.005853419 -0.020480352 -0.061880592 0.008309748 0.997838795
1311875596.673537 -0.011067801 -0.000468859 0.007539658 -0.019145213 -0.065686204 0.006743411 0.997633874
1311875596.712612 -0.010694457 -0.000333232 0.008171240 -0.018808192 -0.070074275 0.006476416 0.997343421
1311875596.741689 -0.010529357 -0.000519065 0.008952625 -0.019531710 -0.075446233 0.006183322 0.996939361
1311875596.775239 0.017471362 0.002663037 0.014590577 -0.017471578 -0.102407597 0.002547137 0.994585812
1311875596.809994 0.017724629 0.003749085 0.014504205 -0.017031603 -0.107499853 0.004080434 0.994050801
1311875596.841648 0.020442992 0.003036256 0.017983790 -0.018955279 -0.113660023 0.001070788 0.993338287
1311875596.875901 0.020480309 0.002979751 0.018471921 -0.018412935 -0.117147073 -0.000473667 0.992943764
1311875596.909874 0.020722888 0.002830680 0.019429350 -0.017145555 -0.121929765 -0.001142513 0.992389977
1311875596.941696 0.020972999 0.003239849 0.020390216 -0.018182199 -0.126551643 0.001833463 0.991791666
1311875596.975492 0.022260059 0.003033261 0.022194952 -0.019385964 -0.132498384 0.002278002 0.990990996
1311875597.009754 0.022784410 0.003144780 0.022761328 -0.019858515 -0.136368230 0.003549536 0.990452826
1311875597.041786 0.023518618 0.003164162 0.024921266 -0.020927599 -0.137489706 0.002702144 0.990278363
1311875597.075452 0.013307764 0.001880794 0.014237920 -0.021516347 -0.134368286 0.005851010 0.990680575
1311875597.109519 0.014437911 0.001280522 0.015340586 -0.023255562 -0.135683134 0.005508249 0.990463972
1311875597.141628 0.014492445 0.001242371 0.016590489 -0.025097510 -0.135670066 0.006090242 0.990417421
1311875597.177574 0.015294474 0.002963425 0.016560838 -0.022641463 -0.139383420 0.007961947 0.989947557
1311875597.209630 0.016760988 0.003461590 0.017376186 -0.022629488 -0.142366365 0.007331265 0.989528179
1311875597.241635 0.016577909 0.002771625 0.017755551 -0.024967080 -0.143657774 0.006195102 0.989293039
1311875597.273840 0.017814593 0.004428765 0.018805519 -0.023447976 -0.144120932 0.005153292 0.989268839
1311875597.309518 0.017872185 0.005303648 0.020628940 -0.019282579 -0.144304648 0.002298687 0.989342749
1311875597.342291 0.020633239 0.006623218 0.023377249 -0.017584970 -0.146663576 0.000112785 0.989030063
1311875597.373618 0.021206234 0.007917608 0.025203902 -0.016969612 -0.148102909 0.001354341 0.988825440
1311875597.409761 0.024807978 0.008866863 0.027712775 -0.017047688 -0.153820261 0.002901513 0.987947524
1311875597.441792 0.026070958 0.008997053 0.029376948 -0.018954577 -0.157817036 0.004920693 0.987274170
1311875597.479647 0.025888264 0.008907030 0.028018352 -0.020057099 -0.163058221 0.007000594 0.986387730
1311875597.509725 0.025579192 0.009405991 0.030581603 -0.017847994 -0.166419923 0.006928759 0.985869110
1311875597.541719 0.028119298 0.008706309 0.031277448 -0.018609433 -0.169857532 0.005687801 0.985276520
1311875597.573750 0.030003536 0.010257301 0.033882815 -0.017931547 -0.172739074 0.005255622 0.984790385
1311875597.609598 0.030407306 0.011006783 0.035687651 -0.014762655 -0.175494328 0.005267494 0.984355688
1311875597.641723 0.032190163 0.009848978 0.035838217 -0.017206753 -0.177423373 0.004774294 0.983972609
1311875597.676184 0.034043834 0.011711761 0.037769873 -0.018369131 -0.180595204 0.004628920 0.983375072
1311875597.709574 0.034784701 0.012052597 0.039796211 -0.017348960 -0.182761624 0.004160301 0.982995391
1311875597.741581 0.036407705 0.011497491 0.039550848 -0.018873230 -0.184193060 0.003397307 0.982703030
1311875597.773494 0.036362007 0.013257552 0.041849364 -0.019761410 -0.184572741 0.004127637 0.982611477
1311875597.809625 0.037249766 0.012706538 0.042320300 -0.019551303 -0.185725868 0.004515544 0.982396722
1311875597.843660 0.038833935 0.013428809 0.043170858 -0.021533640 -0.186117306 0.006177718 0.982272148
1311875597.875317 0.039353810 0.015964640 0.045305967 -0.019736577 -0.188740358 0.008798153 0.981789291
1311875597.909537 0.041097302 0.015697453 0.046124868 -0.019925965 -0.192365497 0.008589888 0.981083453
1311875597.943620 0.041104861 0.015926879 0.046961296 -0.021740913 -0.193687826 0.008942903 0.980781496
1311875597.976424 0.042138636 0.017118944 0.048706356 -0.019583998 -0.195606709 0.006952551 0.980462193
1311875598.009604 0.041961141 0.017804574 0.048546080 -0.016996937 -0.195147648 0.006296178 0.980606377
1311875598.041596 0.028253775 0.011832965 0.033732437 -0.018930454 -0.185021847 0.008657439 0.982513905
1311875598.074134 0.028845880 0.011917862 0.035552271 -0.019187056 -0.187027693 0.010343976 0.982112765
1311875598.109594 0.030139329 0.011885785 0.036210310 -0.020514013 -0.189265132 0.011019208 0.981649876
1311875598.141695 0.030989463 0.012196587 0.037476018 -0.020963293 -0.189884648 0.010330551 0.981528223
1311875598.175934 0.032675613 0.012794465 0.038699433 -0.020015256 -0.190516055 0.009888967 0.981430173
1311875598.209436 0.031153331 0.012279816 0.036928713 -0.020621466 -0.189280853 0.009745918 0.981658041
1311875598.243615 0.032307170 0.012456182 0.038423065 -0.021931799 -0.190097690 0.009501402 0.981474161
1311875598.274762 0.032822672 0.013217030 0.039272539 -0.020991487 -0.190471068 0.011136834 0.981405139
1311875598.309458 0.034146246 0.012813398 0.040166602 -0.020885691 -0.190291569 0.011796661 0.981434524
1311875598.343652 0.035567198 0.012826661 0.041975096 -0.020608604 -0.189969927 0.012951545 0.981488168
1311875598.374851 0.036408924 0.013042083 0.042548306 -0.020273058 -0.188415572 0.015234025 0.981761932
1311875598.409549 0.038790610 0.012094681 0.043785512 -0.023232529 -0.188734174 0.016836407 0.981608987
1311875598.444039 0.036404129 0.013815660 0.041545201 -0.023025913 -0.186197832 0.022321686 0.981988788
1311875598.475814 0.038103092 0.014076252 0.043245159 -0.022573005 -0.187863633 0.024865538 0.981620789
1311875598.509526 0.039151959 0.014060347 0.044059686 -0.022309948 -0.187622920 0.025067976 0.981667697
1311875598.543317 0.040691338 0.014690987 0.046150230 -0.019963086 -0.188814506 0.026322307 0.981456935
1311875598.575972 0.042124644 0.014940129 0.046793129 -0.017368438 -0.189971268 0.027729753 0.981244266
1311875598.609607 0.043394435 0.014650379 0.048491888 -0.017516792 -0.191490501 0.030283324 0.980870783
1311875598.643799 0.044458620 0.015039088 0.049007863 -0.016424207 -0.193397775 0.032120094 0.980456948
1311875598.675673 0.045936529 0.015161382 0.050738875 -0.015492439 -0.195244193 0.033487134 0.980060339
1311875598.709616 0.043785740 0.015055844 0.047693502 -0.014293148 -0.194302723 0.034866165 0.980217576
1311875598.744073 0.044883985 0.014665768 0.049101658 -0.015141580 -0.195224732 0.035465166 0.980000138
1311875598.775379 0.045512017 0.015588920 0.049739014 -0.012850448 -0.195851266 0.036898248 0.979854941
1311875598.809766 0.047317997 0.014691399 0.050311632 -0.014291207 -0.197226912 0.037267324 0.979545057
1311875598.842619 0.047269233 0.015213866 0.050167613 -0.015584735 -0.196828023 0.036895774 0.979619622
1311875598.875928 0.047896873 0.015755661 0.051722221 -0.014700176 -0.196334735 0.037618984 0.979704738
1311875598.909410 0.049704764 0.015418623 0.052770279 -0.013919539 -0.194866538 0.036977619 0.980033636
1311875598.941399 0.051212199 0.015196840 0.053483531 -0.016355556 -0.194439083 0.037053853 0.980078042
1311875598.975997 0.051570471 0.015756164 0.053449828 -0.018342618 -0.195684358 0.036841292 0.979802966
1311875599.009594 0.052115865 0.015329625 0.054325555 -0.021367837 -0.195957825 0.036002450 0.979718208
1311875599.041412 0.053269200 0.015998391 0.055333640 -0.021271195 -0.196911380 0.033805050 0.979607403
1311875599.076024 0.054058690 0.015297784 0.056091193 -0.023327434 -0.197972417 0.030757174 0.979447186
1311875599.111792 0.055339284 0.015009746 0.056554500 -0.027817680 -0.198252797 0.029204933 0.979320705
1311875599.141472 0.056142464 0.015882209 0.057978749 -0.030882820 -0.199041113 0.029855860 0.979049265
1311875599.173487 0.055101782 0.015041777 0.057145033 -0.035020597 -0.198911607 0.028293949 0.978982747
1311875599.211855 0.055929232 0.014870114 0.058201957 -0.043107927 -0.198036432 0.029254621 0.978809178
1311875599.241868 0.056743480 0.015374394 0.059498187 -0.047348060 -0.200171202 0.027302209 0.978235304
1311875599.273455 0.057186417 0.014248705 0.060177434 -0.054939508 -0.200974062 0.024341512 0.977751791
1311875599.316412 0.058268141 0.014943680 0.060916930 -0.059863415 -0.201829299 0.020793004 0.977368414
1311875599.344711 0.059074748 0.015396828 0.061966803 -0.064559720 -0.202602312 0.018307319 0.976959169
1311875599.376648 0.059308566 0.015821280 0.062910773 -0.066256903 -0.202824846 0.014948807 0.976856470
1311875599.412396 0.059691247 0.014722360 0.063692294 -0.071064316 -0.202079818 0.012201418 0.976711214
1311875599.442003 0.059752684 0.015311939 0.064060166 -0.077037729 -0.203191385 0.011619637 0.976034522
1311875599.476951 0.060388319 0.016159862 0.065207355 -0.080156751 -0.205202132 0.012082056 0.975356877
1311875599.512494 0.060644235 0.015837967 0.066226743 -0.082160488 -0.205954924 0.014238306 0.975002289
1311875599.543609 0.061362650 0.015441480 0.066733912 -0.087460145 -0.206278026 0.014947481 0.974462211
1311875599.577043 0.061870500 0.015636433 0.067279518 -0.092519127 -0.207154065 0.014296028 0.973818779
1311875599.614998 0.061942682 0.015989359 0.068004735 -0.094585009 -0.206003308 0.014754836 0.973857582
1311875599.644615 0.062941261 0.015349916 0.068780951 -0.100303978 -0.205333844 0.016482254 0.973398924
1311875599.675044 0.063140824 0.016022887 0.069439098 -0.104841873 -0.204512119 0.017882198 0.973068953
1311875599.712732 0.063456394 0.016520804 0.070432261 -0.107688256 -0.202117547 0.018259948 0.973251402
1311875599.744921 0.064006455 0.017203335 0.071339488 -0.107658513 -0.199828252 0.019738350 0.973698497
1311875599.776939 0.064906351 0.016208500 0.071200937 -0.112543292 -0.198659584 0.020711064 0.973365009
1311875599.812097 0.065554924 0.016640563 0.072086923 -0.118640415 -0.197766602 0.023596533 0.972756922
1311875599.842616 0.065541908 0.016839268 0.073143676 -0.122209787 -0.197110876 0.028585892 0.972314179
1311875599.876853 0.065977260 0.016937707 0.073116586 -0.126675993 -0.195521176 0.032763690 0.971931696
1311875599.912674 0.066383086 0.016442494 0.074291348 -0.134451255 -0.194006041 0.033419836 0.971168220
1311875599.942687 0.067249469 0.016886964 0.074873433 -0.138275400 -0.192749128 0.034688815 0.970836997
1311875599.977058 0.067668930 0.016732847 0.075456351 -0.141891509 -0.191545948 0.036315378 0.970493734
1311875600.009621 0.068176433 0.016425161 0.076067656 -0.148327619 -0.191098884 0.036461946 0.969613671
1311875600.042711 0.068934016 0.017337792 0.077457651 -0.151739538 -0.191641077 0.036664199 0.968970895
1311875600.073666 0.069506362 0.017269399 0.077934995 -0.154161990 -0.191950440 0.035264194 0.968579173
1311875600.113185 0.070396990 0.016572738 0.078588665 -0.160938963 -0.194437966 0.032703109 0.967069328
1311875600.141770 0.070532769 0.016948547 0.079669677 -0.165685609 -0.197138369 0.028925478 0.965840578
1311875600.177459 0.071070142 0.017229890 0.079959840 -0.169053003 -0.201095805 0.024084622 0.964573205
1311875600.209718 0.071391232 0.017513847 0.080960609 -0.172059759 -0.204936892 0.020102289 0.963323534
1311875600.244353 0.072106495 0.017470520 0.081285737 -0.173677042 -0.209484443 0.016216977 0.962127626
1311875600.273573 0.072746590 0.017191492 0.082048208 -0.176205337 -0.213354126 0.013695776 0.960855961
1311875600.309978 0.073053233 0.017610658 0.082435347 -0.178039640 -0.216152728 0.012309166 0.959910572
1311875600.344146 0.073652990 0.017367175 0.082876734 -0.181070745 -0.218360096 0.010987937 0.958859444
1311875600.373729 0.073937632 0.017763000 0.081749715 -0.181593716 -0.221598089 0.009940096 0.958028793
1311875600.412254 0.074693352 0.017815441 0.082058482 -0.184800088 -0.224643275 0.009792940 0.956707060
1311875600.441558 0.075214826 0.017959233 0.083064474 -0.186096326 -0.228635624 0.007612742 0.955529153
1311875600.473643 0.075927719 0.017714936 0.083463088 -0.187894791 -0.233055815 0.006844918 0.954114079
1311875600.511914 0.076252416 0.017998692 0.084713243 -0.188721493 -0.235851392 0.004877236 0.953275681
1311875600.544636 0.076886736 0.018059244 0.085024461 -0.186852023 -0.238427803 0.002453609 0.953012347
1311875600.573546 0.077424027 0.018186226 0.085779540 -0.185402110 -0.241368935 0.001454425 0.952557087
1311875600.611063 0.078463726 0.017996857 0.086615950 -0.186297625 -0.245784447 0.002252286 0.951250792
1311875600.642781 0.078960218 0.018012088 0.087276556 -0.185443804 -0.250307202 0.003117809 0.950235307
1311875600.673637 0.079619780 0.017981939 0.087729074 -0.185126141 -0.252895653 0.003865737 0.949608922
1311875600.710347 0.080455720 0.018176358 0.088066503 -0.183047876 -0.255684584 0.006005548 0.949253798
1311875600.744172 0.081000663 0.017942399 0.087993100 -0.181745201 -0.259377688 0.009142740 0.948476851
1311875600.773564 0.081575103 0.017796120 0.088724293 -0.183249101 -0.262905478 0.013743389 0.947159767
1311875600.810251 0.082356595 0.017834023 0.089189298 -0.183208436 -0.266277581 0.016310347 0.946184397
1311875600.842513 0.083068155 0.017956275 0.089207001 -0.181790307 -0.270071745 0.018641362 0.945339143
1311875600.873475 0.083958246 0.017681032 0.089680389 -0.183651790 -0.273737103 0.019156398 0.943913698
1311875600.910363 0.085046515 0.017827589 0.090001591 -0.186294243 -0.277181715 0.017825838 0.942415535
1311875600.942087 0.086052679 0.018284790 0.091059700 -0.185129300 -0.284271151 0.016447226 0.940556467
1311875600.973650 0.086823449 0.017736614 0.090849042 -0.185750186 -0.290451884 0.016593833 0.938540995
1311875601.009671 0.087586768 0.017892634 0.091196895 -0.186344832 -0.297198713 0.014929779 0.936336279
1311875601.042803 0.089118421 0.017407944 0.092056938 -0.183647737 -0.308221638 0.013881006 0.933316827
1311875601.073462 0.090236664 0.017177740 0.093005255 -0.180505723 -0.318164498 0.011255656 0.930624723
1311875601.121302 0.091306821 0.016676992 0.092503406 -0.180782512 -0.327796757 0.011504679 0.927218735
1311875601.143265 0.091483891 0.016749350 0.092870586 -0.182600260 -0.334605187 0.011486148 0.924426615
1311875601.173492 0.092351638 0.017312190 0.093384340 -0.179042533 -0.342222720 0.013806335 0.922299743
1311875601.210877 0.093146741 0.017031925 0.094104193 -0.175388113 -0.350517690 0.013116127 0.919893682
1311875601.241723 0.093891382 0.016672598 0.094463639 -0.174890846 -0.358174086 0.013987211 0.917021751
1311875601.273677 0.094511464 0.017610587 0.095222488 -0.169357136 -0.367130458 0.013953132 0.914515555
1311875601.311120 0.094776154 0.017202018 0.095622063 -0.164004922 -0.375791103 0.014116927 0.911967218
1311875601.341907 0.096211515 0.017599469 0.095755875 -0.161100209 -0.384066045 0.014300053 0.909029961
1311875601.373598 0.096862756 0.017640287 0.096059501 -0.156966403 -0.391280979 0.015412387 0.906654954
1311875601.410436 0.097138517 0.018234186 0.096596412 -0.150790721 -0.397948533 0.016204478 0.904785335
1311875601.441758 0.098300084 0.018071486 0.096818611 -0.148944706 -0.405684382 0.013572782 0.901693642
1311875601.473563 0.098852903 0.018230654 0.097940825 -0.145071164 -0.412607729 0.010365495 0.899222910
1311875601.510580 0.099531062 0.018328633 0.097994164 -0.140644431 -0.418272972 0.009615209 0.897315145
1311875601.541592 0.100184254 0.018717540 0.099090479 -0.135694861 -0.424864113 0.007076830 0.895001292
1311875601.573464 0.100659057 0.018521303 0.099494606 -0.131089896 -0.431372046 0.004749303 0.892586708
1311875601.611140 0.101300292 0.018996034 0.099898137 -0.128722936 -0.436772883 0.003966265 0.890305638
1311875601.641449 0.101810113 0.019221919 0.100375086 -0.124467611 -0.442843109 0.002113610 0.887915134
1311875601.673574 0.101976849 0.019752406 0.101253062 -0.119309425 -0.449556440 0.001442434 0.885246933
1311875601.710087 0.101739585 0.019694207 0.101657614 -0.114944868 -0.455929011 0.000329033 0.882562339
1311875601.741484 0.102450930 0.020143215 0.102566957 -0.110820584 -0.464081883 -0.000484615 0.878832519
1311875601.773539 0.101859413 0.020699581 0.103184581 -0.105675489 -0.472244948 0.001806060 0.875108063
1311875601.811991 0.102474250 0.020597911 0.103882313 -0.100622900 -0.482186854 0.000019271 0.870270550
1311875601.841517 0.102983035 0.020982314 0.104722761 -0.098862201 -0.492633194 -0.000126391 0.864603281
1311875601.873450 0.103329241 0.021420378 0.105337597 -0.094795063 -0.504838645 -0.001093797 0.857992232
1311875601.911804 0.103494808 0.021139828 0.105816387 -0.091942400 -0.515250802 -0.003219097 0.852087319
1311875601.941615 0.103796452 0.021978045 0.106871501 -0.086635523 -0.526737690 -0.000358543 0.845601320
1311875601.973488 0.104347065 0.022009259 0.107663542 -0.082557619 -0.539322734 -0.000471028 0.838042378
1311875602.009362 0.105056576 0.022568913 0.108705245 -0.082717881 -0.553049982 0.004077017 0.829021633
1311875602.041460 0.105276041 0.022896251 0.109130360 -0.084735073 -0.568191946 0.007896936 0.818483651
1311875602.073453 0.105043963 0.023274215 0.109691247 -0.087922893 -0.581705093 0.011530345 0.808551669
1311875602.109576 0.104814708 0.024087930 0.109949917 -0.085654065 -0.592956662 0.017452277 0.800475597
1311875602.141575 0.104582563 0.024271915 0.110286057 -0.081489228 -0.601480484 0.021318469 0.794434488
1311875602.173700 0.104054242 0.024853295 0.110168174 -0.074547112 -0.607461154 0.025805306 0.790422499
1311875602.210908 0.104041703 0.025468569 0.110312976 -0.065647133 -0.612447858 0.028254967 0.787273586
1311875602.241522 0.104336902 0.025654811 0.111037515 -0.057896636 -0.617954791 0.030279439 0.783494055
1311875602.273512 0.104210094 0.026194992 0.111345552 -0.052654106 -0.621253788 0.034281846 0.781086445
1311875602.311813 0.103906885 0.026789403 0.111893319 -0.044726342 -0.626889229 0.038862858 0.776852012
1311875602.341442 0.103740320 0.026869448 0.111901753 -0.039071113 -0.631033719 0.041798949 0.773642480
1311875602.373468 0.103430770 0.026811579 0.111686297 -0.035606243 -0.633544564 0.045300242 0.771557748
1311875602.411097 0.103319213 0.026713967 0.112042822 -0.029844925 -0.639705479 0.046795432 0.766613483
1311875602.441582 0.103564933 0.026793957 0.112342276 -0.027003122 -0.645510733 0.049167559 0.761688411
1311875602.473475 0.103421152 0.027258860 0.112490490 -0.025768837 -0.648457229 0.052086726 0.759029746
1311875602.512753 0.103094198 0.027986323 0.112811610 -0.015242902 -0.654464066 0.057442077 0.753753841
1311875602.541757 0.103570126 0.027575938 0.113271669 -0.010110484 -0.659378469 0.054334458 0.749777019
1311875602.573470 0.102990769 0.027926259 0.113261655 -0.005327721 -0.663393795 0.054776285 0.746243834
1311875602.612198 0.102897331 0.027943166 0.113541491 0.003141491 -0.669920266 0.052436057 0.740572333
1311875602.641509 0.102873631 0.027738977 0.113610663 0.008443689 -0.676116526 0.050709855 0.734999061
1311875602.673576 0.103057772 0.027864788 0.113541014 0.008423200 -0.682308853 0.049676068 0.729325652
1311875602.710475 0.103061400 0.029654970 0.115212783 0.016566101 -0.694776833 0.052047193 0.717148304
1311875602.741490 0.103070632 0.029678179 0.115182832 0.020515904 -0.701840758 0.052775394 0.710079789
1311875602.773578 0.103080109 0.029695185 0.115210064 0.019075908 -0.707325399 0.051427200 0.704756737
1311875602.809531 0.103067093 0.029647218 0.115206301 0.021226250 -0.713855207 0.051478334 0.698076010
1311875602.841535 0.103031330 0.029669253 0.115213037 0.027453026 -0.719976783 0.054569319 0.691304505
1311875602.873537 0.102826424 0.029596729 0.115345724 0.033098813 -0.724662244 0.055810429 0.686042547
1311875602.909552 0.102425873 0.029498877 0.115554512 0.039947171 -0.729611933 0.058310822 0.680198848
1311875602.941461 0.102229565 0.029661145 0.115721665 0.045690589 -0.734848201 0.063286215 0.673724949
1311875602.973591 0.102282003 0.030086612 0.116395533 0.050991580 -0.741951287 0.067796841 0.665065169
1311875603.009616 0.102303371 0.029894708 0.116548613 0.053440008 -0.747765958 0.069712631 0.658126414
1311875603.041562 0.102257408 0.029889852 0.116508275 0.053792112 -0.753317952 0.073096924 0.651364267
1311875603.073561 0.102181390 0.029914277 0.116661496 0.055959102 -0.759293437 0.074787572 0.644009948
1311875603.109627 0.102354467 0.029847929 0.116841219 0.056368355 -0.764899373 0.075852804 0.637179673
1311875603.141505 0.101914793 0.030807795 0.117988788 0.063248500 -0.773228705 0.080945492 0.625751317
1311875603.173622 0.101790868 0.030347439 0.117707044 0.064596921 -0.777207375 0.080448590 0.620728552
1311875603.209542 0.101413831 0.031427551 0.119401440 0.071556635 -0.785677016 0.082287461 0.608949959
1311875603.241558 0.101245888 0.031344574 0.119305998 0.077011690 -0.788461864 0.083392836 0.604518533
1311875603.273537 0.101641722 0.031038143 0.117932372 0.080913961 -0.787411690 0.087026954 0.604865313
1311875603.309528 0.101626441 0.031012684 0.117907234 0.083439387 -0.790336311 0.087179348 0.600671470
1311875603.341472 0.101443350 0.031124970 0.118097536 0.087587394 -0.793523014 0.090502314 0.595364571
1311875603.378621 0.101483069 0.031112624 0.118079662 0.089896590 -0.795566976 0.094769657 0.591616929
1311875603.409580 0.101286374 0.031331025 0.118467607 0.093386739 -0.799347818 0.097090803 0.585572660
1311875603.441469 0.101325251 0.031347778 0.118437923 0.096481584 -0.802397609 0.101011097 0.580212176
1311875603.478626 0.101069517 0.031401053 0.118614823 0.099504851 -0.804612100 0.103803433 0.576127589
1311875603.509529 0.101030126 0.031369325 0.118582234 0.104499847 -0.806732714 0.106382132 0.571790993
1311875603.541614 0.100744881 0.031626236 0.118938617 0.110137701 -0.810660243 0.111342341 0.564182878
1311875603.578487 0.100307234 0.032233089 0.120419733 0.114582576 -0.816654444 0.114421882 0.553944051
1311875603.609550 0.100279823 0.032214794 0.120402969 0.117688343 -0.820022821 0.116454579 0.547859728
1311875603.641497 0.100739464 0.031546157 0.118854009 0.116909042 -0.819653332 0.117366247 0.548384726
1311875603.678452 0.100662544 0.031585068 0.118895449 0.120037399 -0.822740734 0.117678635 0.542991996
1311875603.709540 0.100634903 0.031569697 0.118862957 0.122258306 -0.825165212 0.118449733 0.538632333
1311875603.741529 0.100432985 0.031639002 0.119049214 0.126476899 -0.828383148 0.119289622 0.532498717
1311875603.778599 0.100097083 0.032095645 0.120274834 0.132602528 -0.834281564 0.118440330 0.521883845
1311875603.809499 0.100123718 0.032127399 0.120306022 0.134211674 -0.837527454 0.118712790 0.516180336
1311875603.841674 0.100104265 0.032118611 0.120283209 0.134538352 -0.840429246 0.118748568 0.511347950
1311875603.877906 0.100359306 0.031759940 0.119230390 0.136141405 -0.841215134 0.118022881 0.509797156
1311875603.909548 0.100386739 0.031733841 0.119224995 0.137903824 -0.844061375 0.117576845 0.504696727
1311875603.941615 0.100346074 0.031735711 0.119218647 -0.138907641 0.846874714 -0.116353743 -0.499969780
1311875603.977560 0.100326806 0.031733386 0.119182952 -0.141704366 0.849513113 -0.116891012 -0.494554132
1311875604.009555 0.100354128 0.031618908 0.118965484 -0.141696826 0.850786984 -0.116706192 -0.492405474
1311875604.041533 0.100345030 0.031594835 0.118980587 -0.145046607 0.853534162 -0.117221259 -0.486518383
1311875604.077357 0.100161791 0.031847611 0.119389713 -0.146369964 0.856976688 -0.116304636 -0.480249882
1311875604.109371 0.100118257 0.031854797 0.119396180 -0.146357849 0.859624863 -0.116863705 -0.475360215
1311875604.141612 0.100136489 0.031855311 0.119416870 -0.147687256 0.862659395 -0.117037542 -0.469371378
1311875604.177442 0.100091919 0.031740796 0.119226485 -0.145252004 0.864228964 -0.114425510 -0.467885584
1311875604.209572 0.100004800 0.031697165 0.119159751 -0.147595644 0.865899920 -0.116492823 -0.463532358
1311875604.241483 0.099963978 0.031823076 0.119423084 -0.151747644 0.868482709 -0.115094021 -0.457672119
1311875604.277414 0.099875264 0.031785026 0.119322926 -0.151504576 0.870218217 -0.115416355 -0.454363018
1311875604.309417 0.099809192 0.031689908 0.119162492 -0.156406388 0.871895790 -0.118806027 -0.448575437
1311875604.341402 0.098945953 0.031826805 0.119566508 -0.160100296 0.875110686 -0.119790711 -0.440680534
1311875604.377490 0.098996609 0.031854283 0.119528569 -0.161015928 0.877119005 -0.121525429 -0.435852826
1311875604.409436 0.098971315 0.031837944 0.119514473 -0.164906546 0.879420996 -0.123906776 -0.429035693
1311875604.441384 0.099263519 0.031102089 0.119666532 -0.163414791 0.882569373 -0.122052886 -0.423638940
1311875604.477503 0.098706976 0.030736871 0.119159870 -0.163320765 0.883976698 -0.122322857 -0.420652628
1311875604.509367 0.098093711 0.031160047 0.118846111 -0.170769811 0.883914053 -0.127054930 -0.416402012
1311875604.541578 0.098252267 0.031187763 0.118900672 -0.176470444 0.884397209 -0.128955677 -0.412395746
1311875604.577489 0.098999254 0.030987546 0.118299387 -0.174889997 0.884055674 -0.130993202 -0.413158327
1311875604.609389 0.098862156 0.030925285 0.118120275 -0.178482115 0.884060860 -0.136439100 -0.409835190
1311875604.641504 0.098241434 0.030304572 0.118935294 -0.185261995 0.886570871 -0.131611973 -0.402924836
1311875604.677466 0.098181762 0.030343324 0.118999884 -0.184925467 0.887734413 -0.131497279 -0.400547922
1311875604.709378 0.097288512 0.030262265 0.117613181 -0.188549668 0.885685265 -0.140423700 -0.400364608
1311875604.741547 0.097623102 0.030565163 0.118108347 -0.195201799 0.885713995 -0.143080831 -0.396149963
1311875604.777225 0.097754270 0.029993039 0.118456773 -0.192969903 0.887456775 -0.141282991 -0.393982410
1311875604.809491 0.097340882 0.029644385 0.117854714 -0.194402590 0.886724293 -0.147026926 -0.392823964
1311875604.841553 0.097798467 0.030045984 0.118498541 -0.199051633 0.886920333 -0.149487630 -0.389106989
1311875604.877509 0.097920604 0.029955665 0.118315540 -0.197061405 0.887042701 -0.150877193 -0.389304638
1311875604.909384 0.097595677 0.029715188 0.118061550 -0.197965473 0.886749566 -0.154811278 -0.387966901
1311875604.941475 0.097486824 0.030105593 0.118085280 -0.202119023 0.885599077 -0.160293102 -0.386223167
1311875604.977472 0.097537532 0.030138312 0.118098140 -0.200214192 0.885741353 -0.161489233 -0.386390805
1311875605.009593 0.097286485 0.029963566 0.117915817 -0.202511251 0.885085464 -0.164149374 -0.385574818
1311875605.041536 0.097378805 0.030051822 0.117993042 -0.204770535 0.883939385 -0.168759450 -0.385020018
1311875605.077441 0.097495161 0.030108210 0.117992260 -0.205764636 0.883260727 -0.168498099 -0.386160254
1311875605.109561 0.097262181 0.029958652 0.117933340 -0.205805555 0.882670283 -0.171397328 -0.386212677
1311875605.141502 0.097444169 0.030063085 0.118040673 -0.205995053 0.881641269 -0.174320146 -0.387152582
1311875605.177477 0.097035646 0.029762968 0.117575616 -0.205454618 0.880582511 -0.175508350 -0.389306575
1311875605.209365 0.097234257 0.029895872 0.117852621 -0.204515502 0.879469454 -0.179177865 -0.390643209
1311875605.241517 0.097004563 0.029764334 0.117759123 -0.203835800 0.878188014 -0.183602527 -0.391825050
1311875605.277542 0.096937448 0.029748894 0.117715925 -0.204704583 0.876119018 -0.187551066 -0.394127011
1311875605.309464 0.097260796 0.029310241 0.117308259 -0.201265842 0.873736024 -0.189415216 -0.400249034
1311875605.341566 0.097222447 0.029012622 0.117663100 -0.201222271 0.872553945 -0.189767644 -0.402675331
1311875605.377522 0.097377501 0.028860068 0.117918447 -0.200803369 0.870922625 -0.191924140 -0.405384868
1311875605.409536 0.097307630 0.029020710 0.117810994 -0.200163156 0.869084954 -0.194121718 -0.408586323
1311875605.441520 0.097154371 0.029042374 0.117695808 -0.199864641 0.867286682 -0.198294356 -0.410545081
1311875605.477500 0.097231552 0.029100891 0.117707193 -0.202262744 0.865204751 -0.198982731 -0.413420409
1311875605.509369 0.097178414 0.029042944 0.117693275 -0.202613041 0.863456607 -0.199656337 -0.416566998
1311875605.541512 0.097141214 0.029038593 0.117684655 -0.204149708 0.861962736 -0.200262964 -0.418614328
1311875605.577434 0.097097360 0.028973157 0.117663786 -0.204797551 0.860270858 -0.201681003 -0.421089917
1311875605.609466 0.097215712 0.029103328 0.117690422 -0.203566402 0.858558893 -0.200913027 -0.425524741
1311875605.641371 0.096828543 0.028822931 0.117688410 -0.202390999 0.856583655 -0.203937948 -0.428615898
1311875605.677614 0.096854210 0.028795665 0.117788650 -0.207471967 0.853380680 -0.205619618 -0.431760788
1311875605.709465 0.097007714 0.028924108 0.118076839 -0.207302779 0.850933492 -0.203226790 -0.437763125
1311875605.741457 0.097002797 0.028789449 0.117687546 -0.205805004 0.846480191 -0.203867346 -0.446714222
1311875605.777428 0.097026244 0.028817041 0.117701598 -0.207356811 0.843199253 -0.205374509 -0.451485902
1311875605.809396 0.097075239 0.028709827 0.117671795 -0.206080630 0.840857983 -0.201679260 -0.458054781
1311875605.841549 0.097004324 0.028929237 0.117823206 -0.204453290 0.838267624 -0.197757840 -0.465186059
1311875605.877517 0.096888587 0.028843602 0.117797412 -0.208235621 0.834645569 -0.199049577 -0.469450712
1311875605.909456 0.097003900 0.028924040 0.117821865 -0.209918663 0.831600249 -0.195561275 -0.475532353
1311875605.941536 0.096928485 0.028882267 0.117792785 -0.208013654 0.828660548 -0.191909477 -0.482931376
1311875605.977476 0.096910655 0.028893860 0.117807984 -0.209229276 0.825196028 -0.192189306 -0.488198698
1311875606.009449 0.096877255 0.028870344 0.117764331 -0.209520265 0.821974993 -0.192375839 -0.493406475
1311875606.041502 0.096864223 0.028851029 0.117762856 -0.207996324 0.819733441 -0.190892369 -0.498331904
1311875606.077507 0.096838519 0.028849876 0.117759518 0.208286583 -0.817224383 0.192673311 0.501635373
1311875606.109364 0.096868701 0.028863184 0.117766790 0.207058400 -0.814881861 0.193238109 0.505720735
1311875606.141514 0.096859589 0.028849073 0.117758460 0.205482498 -0.813031375 0.191438973 0.510007977
1311875606.177411 0.096860811 0.028844420 0.117774546 0.204165637 -0.810352921 0.192292094 0.514459193
1311875606.209377 0.096645303 0.028741635 0.117770709 0.200459704 -0.808984339 0.191647366 0.518296838
1311875606.241359 0.096638724 0.028735097 0.117766209 0.195973128 -0.807740331 0.188801765 0.522976100
1311875606.277352 0.096597306 0.028703701 0.117744297 0.192285836 -0.804930151 0.186854273 0.529338360
1311875606.309305 0.096639983 0.028716959 0.117751427 0.193395257 -0.800475299 0.184367195 0.536513031
1311875606.341383 0.096621893 0.028695047 0.117747843 0.194572136 -0.795856595 0.182061270 0.543698072
1311875606.377687 0.096647441 0.028731110 0.117759168 0.194314718 -0.791711569 0.180916712 0.550185144
1311875606.409364 0.096608162 0.028715702 0.117783479 0.196080819 -0.788084984 0.180029854 0.555034757
1311875606.441327 0.096263133 0.028454164 0.117564842 0.195532531 -0.784721613 0.178238794 0.560544372
1311875606.477438 0.096482508 0.028390249 0.116529822 0.192481086 -0.777938604 0.179855436 0.570451140
1311875606.509331 0.096450172 0.028383508 0.116560832 0.192939952 -0.774059832 0.179433450 0.575681448
1311875606.541366 0.096480496 0.028402956 0.116570719 0.192829177 -0.770430863 0.175033733 0.581907451
1311875606.577317 0.095976695 0.028270351 0.117392547 0.193955570 -0.769376874 0.171384633 0.584010065
1311875606.609483 0.095938697 0.028226031 0.117385864 0.194911599 -0.764908373 0.168541700 0.590354443
1311875606.641377 0.095913395 0.028207116 0.117356583 0.195054397 -0.760347247 0.165802047 0.596938550
1311875606.677409 0.095950194 0.028212782 0.117360078 0.194702342 -0.755960286 0.163977519 0.603097439
1311875606.709482 0.095945783 0.028220199 0.117357485 0.193803310 -0.751977205 0.161570415 0.608987391
1311875606.741472 0.095878661 0.028274754 0.117451392 0.194103718 -0.748285115 0.160915762 0.613595307
1311875606.777412 0.095905490 0.028256986 0.117422797 0.195116654 -0.743897676 0.159582809 0.618933797
1311875606.809371 0.095770776 0.028149446 0.117287226 0.191211328 -0.739859283 0.158086807 0.625343919
1311875606.841411 0.095775761 0.028154157 0.117283054 0.191853940 -0.735978007 0.157149777 0.629946291
1311875606.877267 0.095587216 0.028011775 0.117344446 0.190048441 -0.732817829 0.154107705 0.634909809
1311875606.909611 0.095433198 0.027883878 0.117169410 0.186294049 -0.728876710 0.152757868 0.640857458
1311875606.941556 0.095562197 0.027855404 0.117089480 0.183389693 -0.724438727 0.150458828 0.647239447
1311875606.977386 0.095534183 0.027831232 0.117061086 0.180948213 -0.720567048 0.148126349 0.652762949
1311875607.009435 0.095481813 0.027867228 0.117111310 0.177625418 -0.716983914 0.146480009 0.657971859
1311875607.041581 0.095433980 0.027844032 0.117113605 0.174408033 -0.713078916 0.143717915 0.663660765
1311875607.077401 0.095249079 0.027720373 0.117050514 0.173383102 -0.708547890 0.142697245 0.668981075
1311875607.109368 0.095272966 0.027737811 0.117040619 0.169984818 -0.705063760 0.141768694 0.673714995
1311875607.141587 0.094958901 0.027512183 0.116811685 0.165873274 -0.701323330 0.140510425 0.678887665
1311875607.177447 0.094964541 0.027459281 0.116932146 0.165477142 -0.698049843 0.140266135 0.682399511
1311875607.209479 0.094988160 0.027472237 0.116909593 0.164037183 -0.694224179 0.138882995 0.686917782
1311875607.241502 0.094777241 0.027505573 0.116938062 0.161907390 -0.691181123 0.139205188 0.690417588
1311875607.277386 0.094839148 0.027559960 0.116912372 0.162285775 -0.687639713 0.138718769 0.693953931
1311875607.309373 0.094833694 0.027565315 0.116868086 0.160080284 -0.683618546 0.136739984 0.698814809
1311875607.341743 0.094835944 0.027536912 0.116808318 0.155958846 -0.680296779 0.135293797 0.703255713
1311875607.377434 0.094817422 0.027603934 0.116911232 0.151865602 -0.677959919 0.133682728 0.706707895
1311875607.409328 0.094949558 0.027384439 0.116823100 0.146455452 -0.674477994 0.130229190 0.711808026
1311875607.441480 0.094908156 0.027443053 0.116869867 0.143732160 -0.670778036 0.128414735 0.716175675
1311875607.477464 0.094912000 0.027172761 0.116882905 0.141373113 -0.666737974 0.125692099 0.720885336
1311875607.509423 0.094728343 0.027300984 0.116959877 0.138522968 -0.662967563 0.124974988 0.725028694
1311875607.541473 0.094694205 0.027073698 0.116744913 0.133944795 -0.658980250 0.124202825 0.729642034
1311875607.577448 0.094823577 0.027222497 0.116727993 0.131621346 -0.654841006 0.124544755 0.733721793
1311875607.609519 0.094764747 0.027136320 0.116837382 0.125338882 -0.651813209 0.123022720 0.737763584
1311875607.641477 0.094684489 0.027283845 0.116738960 0.120374233 -0.647688925 0.124753587 0.741920233
1311875607.677409 0.094900556 0.027424188 0.116664641 0.115997873 -0.643496275 0.124436080 0.746306002
1311875607.709451 0.094534926 0.027631335 0.117210627 0.111657403 -0.641368687 0.124143399 0.748843968
1311875607.741504 0.094491690 0.027599314 0.117213227 0.109133087 -0.637553811 0.124526225 0.752401710
1311875607.777389 0.094499938 0.027611695 0.117199078 0.105662927 -0.632328570 0.125064954 0.757201910
1311875607.809472 0.094407760 0.027650036 0.117307208 0.102076173 -0.627129734 0.127115875 0.761662841
1311875607.841479 0.094470002 0.027629981 0.117204905 0.100084074 -0.620166659 0.130005836 0.767121196
1311875607.877430 0.094846167 0.027742302 0.117159329 0.100249402 -0.611875296 0.131759152 0.773432732
1311875607.909373 0.094921000 0.027761471 0.117122367 0.098027021 -0.603073955 0.135048300 0.780034900
1311875607.941471 0.094930239 0.027761385 0.117124565 0.093209401 -0.594375730 0.140815809 0.786257207
1311875607.977434 0.094929546 0.027755542 0.117126070 0.087176226 -0.588007092 0.145128980 0.790939629
1311875608.009333 0.095252901 0.027790895 0.116817519 0.081727311 -0.581150711 0.149594828 0.795742333
1311875608.041506 0.095174804 0.027783275 0.116842315 0.076612502 -0.575070441 0.153849572 0.799846768
1311875608.077486 0.095224649 0.027779385 0.116825648 0.072315283 -0.569638908 0.156521752 0.803606212
1311875608.109540 0.095164411 0.027772421 0.116840661 0.072528929 -0.563827455 0.158172101 0.807353556
1311875608.141320 0.095569700 0.027845046 0.116713777 0.066590883 -0.558158398 0.159511909 0.811529875
1311875608.177343 0.095625453 0.027837429 0.116697654 0.058582664 -0.554009020 0.160397679 0.814809561
1311875608.209401 0.095274076 0.027780268 0.116803810 0.060913183 -0.550647438 0.160464421 0.816901505
1311875608.241432 0.095424801 0.027814690 0.116753757 0.059889749 -0.547000587 0.160115972 0.819491565
1311875608.277346 0.095282920 0.027787106 0.116780266 0.057862882 -0.541837037 0.160251945 0.823033273
1311875608.309451 0.095347598 0.027797811 0.116760001 0.058625787 -0.537275851 0.160369858 0.825941384
1311875608.341484 0.095257223 0.027784450 0.116789281 0.059668999 -0.532993197 0.160691276 0.828574777
1311875608.377425 0.095267691 0.027779590 0.116785616 0.059040014 -0.528610229 0.162217513 0.831126332
1311875608.409322 0.095436715 0.027812598 0.116725832 0.059946466 -0.523558557 0.164283738 0.833848715
1311875608.441450 0.095198974 0.027766844 0.116801918 0.060865339 -0.519739211 0.165678918 0.835892975
1311875608.477371 0.095140517 0.027756963 0.116816610 0.066503949 -0.515269458 0.167525828 0.837860167
1311875608.509435 0.095188245 0.027764410 0.116802350 0.069103830 -0.509834886 0.169213310 0.840630591
1311875608.541470 0.095232710 0.027768966 0.116781741 0.072213709 -0.504570782 0.169194460 0.843544126
1311875608.577349 0.095146514 0.027756561 0.116803177 0.080758110 -0.498305649 0.169418514 0.846443713
1311875608.609481 0.095168374 0.027755646 0.116807297 0.087759495 -0.493506372 0.169669077 0.848505795
1311875608.641446 0.095361076 0.027787669 0.116739973 0.090958402 -0.487890065 0.170329034 0.851280093
1311875608.677382 0.095387504 0.027787715 0.116731308 0.094694592 -0.481943309 0.171748877 0.853970647
1311875608.709509 0.095443502 0.027797526 0.116708428 0.100026265 -0.476434648 0.172881857 0.856222272
1311875608.741595 0.095111459 0.027739557 0.116813034 0.101003058 -0.472392619 0.176495269 0.857608855
1311875608.777397 0.094848000 0.027693110 0.116893008 0.105130725 -0.468421072 0.177969530 0.858985484
1311875608.809412 0.094886467 0.027699446 0.116881296 0.107845642 -0.464643955 0.181418061 0.859978318
1311875608.841268 0.094769835 0.027678879 0.116910420 0.110158876 -0.459985703 0.183696240 0.861703992
1311875608.877359 0.094796464 0.027679740 0.116901539 0.109909140 -0.455955178 0.186938420 0.863179505
1311875608.909419 0.094855160 0.027687812 0.116883390 0.113300286 -0.452154458 0.191118523 0.863824666
