0.519499 -0.004477853 -0.000359416 0.038777139 0.001728695 -0.020927303 -0.000975819 0.999779046
0.623377 -0.006194529 -0.000474975 0.048421711 0.002100219 -0.027661199 -0.000913088 0.999614716
0.727122 -0.010540963 0.000739705 0.063867614 0.002954165 -0.034532435 -0.000972342 0.999398708
0.830874 -0.009725885 -0.000432317 0.070060313 0.002227367 -0.045231931 -0.000214793 0.998974025
0.934622 -0.012728705 -0.000756954 0.082981788 0.002172251 -0.055348590 0.000349989 0.998464704
1.038404 -0.015785042 -0.000454044 0.097228162 0.002719805 -0.066519320 0.000543514 0.997781277
1.142127 -0.020650757 -0.001338745 0.109717533 0.003332940 -0.078204080 -0.001411358 0.996930778
1.245873 -0.024583669 -0.001609834 0.119773440 0.004363068 -0.091044039 -0.003697886 0.995830417
1.349627 -0.025240818 -0.000550275 0.131676257 0.006086588 -0.106605262 -0.004927320 0.994270623
1.453253 -0.026408799 -0.001707815 0.145254552 0.005600542 -0.123257831 -0.005218868 0.992345154
1.556997 -0.043634299 -0.002829925 0.164034396 0.005199866 -0.135443926 -0.006914566 0.990747273
1.660772 -0.050664704 -0.003514492 0.178275481 0.004800216 -0.152003810 -0.008104272 0.988335013
1.764374 -0.059707973 -0.003269654 0.194418266 0.004555895 -0.168958902 -0.009139489 0.985570192
1.868002 -0.065828264 -0.003628734 0.206651911 0.004882929 -0.187101021 -0.010315614 0.982274354
1.971750 -0.075880729 -0.003591987 0.221420392 0.005067044 -0.204596192 -0.011895085 0.978761077
2.075498 -0.084801376 -0.003810945 0.235052198 0.005138937 -0.223490864 -0.012750600 0.974609077
2.179126 -0.096122250 -0.003429258 0.250710100 0.005226889 -0.243048385 -0.010272996 0.969945669
2.282875 -0.106663525 -0.004276233 0.264571279 0.004791550 -0.264236212 -0.007906949 0.964413702
2.386504 -0.118739881 -0.004654311 0.276204377 0.003351742 -0.286378771 -0.008286097 0.958074808
2.490144 -0.132096514 -0.004711259 0.289292127 0.002801060 -0.311093748 -0.011004538 0.950311422
2.593620 -0.150509134 -0.004841082 0.306205362 0.002781706 -0.335963309 -0.013073518 0.941780210
2.697329 -0.167309374 -0.004016629 0.320214629 0.003040195 -0.361780018 -0.012919678 0.932169020
2.800890 -0.184686542 -0.003959212 0.332791835 0.001887413 -0.388127774 -0.009850145 0.921550989
2.904641 -0.204344854 -0.004973020 0.346292019 0.000215024 -0.414871842 -0.007825200 0.909846187
3.008248 -0.224716455 -0.004271205 0.356042385 -0.000699582 -0.440431565 -0.006695399 0.897760928
3.112001 -0.248068184 -0.004894259 0.369267642 -0.002607740 -0.467297494 -0.006604507 0.884071589
3.215751 -0.272527277 -0.004476009 0.380013466 -0.003631947 -0.493846118 -0.006278549 0.869519055
3.319374 -0.298797429 -0.004207427 0.389100820 -0.004528998 -0.519731462 -0.006609671 0.854292095
3.423126 -0.326505393 -0.003827678 0.401239038 -0.005683875 -0.546656191 -0.007034555 0.837308288
3.526893 -0.356316090 -0.003643123 0.404915333 -0.006634701 -0.570187688 -0.007611106 0.821452379
3.630648 -0.386072248 -0.004355895 0.412141532 -0.009124008 -0.594376028 -0.008027974 0.804095387
3.734395 -0.415656298 -0.006774653 0.418926030 -0.012599015 -0.617484868 -0.007584357 0.786445320
3.838251 -0.457568258 -0.003655137 0.420447111 -0.011957460 -0.636417508 -0.006929038 0.771220982
3.942122 -0.494250298 -0.002572356 0.422026396 -0.010890080 -0.654941261 -0.008325926 0.755555511
4.046284 -0.533806264 -0.000277864 0.420377791 -0.008589129 -0.670172155 -0.009872446 0.742090344
4.150266 -0.574989855 0.001749048 0.421555400 -0.006571711 -0.684750259 -0.010277704 0.728675723
4.254380 -0.618200481 -0.000124325 0.422214866 -0.008476761 -0.697457016 -0.007725075 0.716534853
4.358512 -0.661775887 0.000466320 0.419981629 -0.007665546 -0.708630621 -0.006574348 0.705507338
4.462646 -0.705184042 0.001087699 0.416736186 -0.006636864 -0.717892289 -0.006067284 0.696096063
4.566885 -0.750321746 0.003790146 0.412030548 -0.003682859 -0.724913597 -0.006440896 0.688799798
4.671250 -0.802791238 0.003319941 0.407995075 -0.005158788 -0.730715513 -0.005277536 0.682642162
4.775500 -0.852560639 0.003757991 0.402580887 -0.005528558 -0.735112369 -0.005311760 0.677901924
4.879959 -0.897948384 0.005336712 0.399506837 -0.006026771 -0.738922477 -0.005062636 0.673744559
4.984250 -0.955657423 0.005627851 0.389361590 -0.004837615 -0.740374327 -0.006591214 0.672145128
5.088502 -1.010670662 0.004883350 0.384481966 -0.005801287 -0.742069960 -0.007577868 0.670254529
5.192878 -1.063935041 0.007042062 0.379802853 -0.005934970 -0.742859662 -0.007200230 0.669382155
5.297154 -1.115252614 0.005086049 0.373936594 -0.008736145 -0.742593527 -0.007234299 0.669646323
5.401501 -1.174519062 0.008718623 0.369118601 -0.009539213 -0.742161214 -0.006472144 0.670122266
5.505749 -1.247046947 0.007031922 0.360152304 -0.008343920 -0.741076708 -0.008808170 0.671310782
5.610008 -1.305250287 0.007580686 0.353801399 -0.006883817 -0.740581989 -0.008614059 0.671875596
5.714253 -1.365337968 0.010964750 0.349108279 -0.006048416 -0.740175605 -0.008508222 0.672332585
5.818377 -1.434363604 0.016607894 0.341725856 -0.005566347 -0.739743114 -0.008528431 0.672812283
5.922523 -1.504324913 0.011232872 0.334949702 -0.008368768 -0.738930285 -0.011208580 0.673636615
6.026772 -1.572847486 0.013311335 0.326908320 -0.007416764 -0.738207996 -0.012569179 0.674415290
6.130876 -1.639702916 0.015134922 0.320276111 -0.007721245 -0.737802684 -0.011491844 0.674874485
6.235023 -1.711053967 0.021534659 0.316142887 -0.004935370 -0.737775624 -0.010937965 0.674939394
6.339025 -1.783630610 0.023476521 0.311330587 -0.003501850 -0.737695634 -0.011577941 0.675025105
6.443143 -1.842317820 0.016113462 0.304068834 -0.007873259 -0.736249566 -0.011902001 0.676559627
6.547271 -1.905450225 0.017126638 0.302291274 -0.009636456 -0.736654282 -0.011282922 0.676106691
6.651280 -1.975048184 0.016561490 0.296005875 -0.009929585 -0.735922217 -0.012895298 0.676870406
6.755380 -2.040980339 0.018612847 0.288944364 -0.007721686 -0.735341370 -0.010981496 0.677563906
6.859377 -2.106970072 0.016408402 0.280758709 -0.006512512 -0.734898269 -0.008295704 0.678095400
6.963378 -2.174154997 0.017760251 0.276615202 -0.005183241 -0.735096693 -0.005357278 0.677921295
7.067377 -2.260853767 0.017867982 0.263199151 -0.006277912 -0.734796643 -0.004595066 0.678242862
7.171256 -2.366024256 0.020234952 0.258036166 -0.009698071 -0.735253334 -0.007357942 0.677683055
7.275272 -2.442446232 0.021240834 0.251865089 -0.011426405 -0.735453784 -0.010667505 0.677394569
7.379272 -2.506406784 0.018421393 0.241214126 -0.013342355 -0.735119224 -0.013979992 0.677662373
7.483251 -2.588968515 0.022973213 0.235763595 -0.011980713 -0.735067725 -0.014184401 0.677739322
7.587271 -2.662297487 0.022482583 0.227856815 -0.010635518 -0.735104918 -0.014042153 0.677724421
7.691129 -2.734860897 0.025566055 0.220245481 -0.008682588 -0.735139608 -0.012824885 0.677738845
7.795131 -2.802925110 0.030270535 0.217706025 -0.009990240 -0.736081660 -0.010956630 0.676730275
7.899003 -2.899565220 0.029239448 0.210960925 -0.010073774 -0.735733628 -0.014303735 0.677044988
8.003004 -2.974177599 0.029939076 0.195551679 -0.008652315 -0.734799981 -0.013477217 0.678094804
8.107005 -3.035359144 0.028055467 0.192394286 -0.007759694 -0.735174239 -0.011708756 0.677732587
8.211004 -3.109356403 0.026453737 0.182243258 -0.004324764 -0.734558284 -0.012922711 0.678408802
8.315006 -3.189518690 0.028646851 0.178437680 -0.005039611 -0.734803975 -0.012323406 0.678148866
8.418880 -3.278683424 0.032000929 0.177402884 -0.007109771 -0.735258818 -0.012082458 0.677641451
8.522877 -3.345046759 0.028480556 0.174388140 -0.010572290 -0.736079931 -0.012359025 0.676699162
8.626899 -3.417325497 0.030100863 0.173941970 -0.011886084 -0.736409962 -0.014443834 0.676276922
8.730751 -3.491704226 0.037517805 0.164881647 -0.011591149 -0.735982776 -0.015543386 0.676722586
8.834756 -3.572724581 0.038580116 0.158711612 -0.011100744 -0.736126542 -0.016346363 0.676555395
8.938756 -3.644958735 0.039310962 0.142991334 -0.009069894 -0.734629035 -0.015388136 0.678233802
9.042758 -3.719840288 0.041772839 0.139917731 -0.009564997 -0.735258996 -0.011835512 0.677615404
9.146631 -3.808980465 0.050017256 0.128945872 -0.006311174 -0.734526813 -0.011973282 0.678444684
9.250652 -3.880334854 0.047320444 0.128194287 -0.003572583 -0.735603750 -0.013812239 0.677261829
9.354505 -3.955838203 0.042866841 0.119895138 -0.005119854 -0.735097408 -0.013016010 0.677817225
9.458529 -4.031049728 0.043412570 0.114347309 -0.005008277 -0.735604584 -0.010341028 0.677313745
9.562503 -4.103646278 0.043965150 0.109935686 -0.006210980 -0.736194849 -0.008029841 0.676693439
9.666385 -4.176800251 0.043691121 0.104093753 -0.007227677 -0.736966252 -0.008837531 0.675833106
9.770380 -4.248672962 0.045917537 0.097687654 -0.009987055 -0.737659514 -0.009763697 0.675028443
9.874249 -4.330480576 0.049367037 0.086490192 -0.009862568 -0.738278985 -0.010101900 0.674347639
9.978133 -4.402331352 0.047342401 0.081635199 -0.010455252 -0.738730788 -0.011083020 0.673828363
10.082130 -4.466308117 0.044287074 0.081188589 -0.007708263 -0.739893317 -0.012463318 0.672564626
10.186010 -4.547898769 0.047900546 0.066372760 -0.006587526 -0.739074707 -0.011537451 0.673492432
10.290010 -4.618442059 0.049458727 0.060239352 -0.003874422 -0.739820480 -0.012552051 0.672676027
10.393880 -4.690671444 0.046184782 0.054082640 -0.004530555 -0.740321040 -0.013857743 0.672095358
10.497760 -4.766099930 0.049203355 0.044062942 -0.005192540 -0.740148306 -0.014148584 0.672274768
10.601750 -4.834075451 0.048485663 0.039684277 -0.004380277 -0.740496933 -0.015260947 0.671872199
10.705630 -4.910970688 0.050193209 0.026725454 -0.003612259 -0.740156829 -0.015666788 0.672242045
10.809650 -4.976006508 0.052701477 0.023559161 -0.004193298 -0.740989983 -0.015344650 0.671327651
10.913510 -5.051972389 0.054676294 0.014094393 -0.006389755 -0.740892172 -0.015200133 0.671421587
11.017510 -5.113906860 0.054427113 0.009963311 -0.007691940 -0.741223991 -0.017047569 0.670997143
11.121380 -5.190495491 0.056608155 -0.002119792 -0.008013768 -0.740991533 -0.017501721 0.671238422
11.225380 -5.256750107 0.059298154 -0.008422866 -0.008982751 -0.741474152 -0.015802994 0.670735121
11.329280 -5.330829144 0.064180344 -0.021923013 -0.007862728 -0.740855753 -0.015254381 0.671444893
11.433260 -5.392988682 0.067898177 -0.032199390 -0.006645109 -0.740843475 -0.012836549 0.671522141
11.537150 -5.452870369 0.073837280 -0.030238451 -0.005072062 -0.742065787 -0.011338195 0.670211971
11.641130 -5.522340298 0.060052089 -0.034536764 -0.005077600 -0.741253257 -0.013517206 0.671070099
11.745130 -5.584136963 0.061017822 -0.038724106 -0.004086111 -0.740941644 -0.013454751 0.671422184
11.849140 -5.653027534 0.061090190 -0.051577430 -0.004253366 -0.738353491 -0.013989614 0.674255371
11.953260 -5.716780663 0.059951000 -0.058971476 -0.005081578 -0.735935211 -0.015042043 0.676865757
12.057260 -5.775905609 0.063537136 -0.058315013 -0.006436629 -0.734461546 -0.012760058 0.678499818
12.161380 -5.832976341 0.064522557 -0.059558410 -0.005730716 -0.731699288 -0.013814012 0.681463480
12.265510 -5.890366077 0.062897995 -0.062290363 -0.005430261 -0.727896929 -0.016387671 0.685469151
12.369630 -5.933363914 0.062649950 -0.064268872 -0.005427114 -0.722764373 -0.018566761 0.690823793
12.473910 -5.981803417 0.062995985 -0.070361234 -0.006121529 -0.716387928 -0.018184770 0.697438240
12.578130 -6.026711464 0.058261719 -0.071877994 -0.006902656 -0.708262265 -0.020295946 0.705623806
12.682390 -6.080985546 0.064397529 -0.071130410 -0.006183702 -0.698795974 -0.018723616 0.715049207
12.786780 -6.131135941 0.059577759 -0.056684207 -0.007667297 -0.689481199 -0.018653322 0.724022746
12.891130 -6.175960541 0.063072123 -0.055351842 -0.007418638 -0.676559031 -0.017616678 0.736140251
12.995510 -6.220523834 0.072441176 -0.040423978 -0.005423378 -0.663654029 -0.016826227 0.747830689
13.099880 -6.262707233 0.072703786 -0.035523012 -0.005336585 -0.647135377 -0.016970765 0.762167513
13.204380 -6.307084560 0.072004840 -0.027217222 -0.006663210 -0.628616273 -0.016320162 0.777515829
13.308760 -6.339867115 0.068722464 -0.018856755 -0.008983118 -0.608615637 -0.014518992 0.793281496
13.413260 -6.370468140 0.070513912 -0.005379886 -0.010495329 -0.588215768 -0.010206052 0.808571517
13.517630 -6.407240868 0.068544559 0.020411724 -0.011331405 -0.567175746 -0.006837824 0.823490441
13.622130 -6.439084530 0.068300225 0.038675331 -0.012379253 -0.543655157 -0.003647103 0.839209497
13.726510 -6.474823475 0.070264608 0.062945515 -0.011951031 -0.520416975 -0.003115216 0.853822947
13.830760 -6.503935337 0.068789013 0.086572520 -0.014462770 -0.497270137 -0.001064578 0.867474556
13.935130 -6.538382530 0.068514891 0.107075125 -0.016905257 -0.472098261 0.000263856 0.881383777
14.039380 -6.565267563 0.069553703 0.138465464 -0.019866584 -0.450090379 0.003880082 0.892753541
14.143650 -6.594490528 0.071095482 0.163723126 -0.017162252 -0.424906969 0.006741198 0.905049205
14.247880 -6.620136261 0.071943708 0.194141164 -0.013067280 -0.400588185 0.007432759 0.916134834
14.352150 -6.645061016 0.073168308 0.227854893 -0.008367866 -0.375235736 0.010103668 0.926836550
14.456380 -6.670977116 0.072532333 0.255856395 -0.002334188 -0.346361756 0.006885916 0.938072860
14.560630 -6.698353291 0.074233592 0.293781310 0.000355270 -0.318061322 0.006900476 0.948044956
14.664880 -6.719448090 0.073534325 0.335796148 -0.000021450 -0.291342378 0.008194287 0.956583738
14.769010 -6.746927738 0.080260597 0.382971436 0.004843059 -0.262792081 0.008350204 0.964804173
14.873160 -6.761737347 0.071777485 0.417934686 0.001480876 -0.235456616 0.005413050 0.971868634
14.977150 -6.778174400 0.073961288 0.464776129 0.002214060 -0.212299407 0.003553945 0.977195680
15.081160 -6.803050518 0.074311025 0.511950016 0.004049337 -0.187615260 0.000744258 0.982234001
15.185010 -6.812042713 0.070092358 0.553871632 0.002720760 -0.169500023 -0.002669290 0.985522807
15.288760 -6.831995487 0.070219330 0.618060231 0.001645949 -0.154617429 -0.002744776 0.987969220
15.392480 -6.846980572 0.069676921 0.673777223 0.000882479 -0.142138064 -0.002214111 0.989843965
15.496190 -6.860891819 0.068502061 0.730777204 -0.000204952 -0.131486401 -0.001354604 0.991317034
15.599910 -6.874683380 0.068037577 0.787619174 -0.001215089 -0.121930644 -0.004033207 0.992529690
15.703610 -6.890002251 0.070909485 0.847780645 -0.001101826 -0.113774575 -0.006275398 0.993486166
15.807320 -6.904993534 0.068218917 0.914556801 -0.002419623 -0.107243702 -0.007487831 0.994201601
15.911010 -6.916838646 0.067825116 0.977969706 -0.002470825 -0.100749038 -0.006531566 0.994887352
16.014760 -6.930026054 0.068108082 1.042720079 -0.002029849 -0.093200393 -0.006607084 0.995623410
16.118550 -6.940973282 0.069392085 1.107869029 -0.001932571 -0.086131781 -0.007033757 0.996257067
16.222360 -6.952273369 0.068837449 1.178518295 -0.002090593 -0.079590991 -0.007733398 0.996795416
16.326140 -6.962977409 0.066179171 1.251139998 -0.001474532 -0.072678082 -0.008438568 0.997318685
16.429890 -6.974956512 0.066668786 1.313312054 0.001193298 -0.066458017 -0.008822807 0.997749507
16.533760 -6.978206635 0.067119807 1.387381077 0.004490920 -0.063187659 -0.007234473 0.997965336
16.637520 -6.989088058 0.065375313 1.465775728 0.004422316 -0.058783550 -0.008581301 0.998224080
16.741260 -6.999528408 0.062027562 1.544860959 0.000974974 -0.054924652 -0.008831693 0.998450994
16.845140 -7.014419556 0.062210508 1.617689371 -0.002292615 -0.051041167 -0.010881495 0.998634636
16.948890 -7.023365974 0.062012095 1.696303487 -0.004016688 -0.049047779 -0.011752043 0.998719215
17.052630 -7.028550148 0.062631033 1.772664309 -0.003317962 -0.047937352 -0.010399041 0.998790681
17.156420 -7.035391808 0.060364909 1.846176147 -0.002722886 -0.046184242 -0.010208606 0.998877048
17.260280 -7.039482117 0.056702893 1.920894623 -0.005291341 -0.045379017 -0.010389676 0.998901784
17.364000 -7.046543121 0.056585860 1.995919108 -0.006453304 -0.044081766 -0.009243919 0.998964310
17.467890 -7.053442478 0.058727864 2.073669672 -0.005908068 -0.042416424 -0.007731906 0.999052644
17.571660 -7.060063362 0.058109600 2.145690203 -0.004332799 -0.040943619 -0.007550357 0.999123514
17.675510 -7.063526630 0.060398288 2.218314886 -0.000142204 -0.040753558 -0.007753269 0.999139130
17.779390 -7.070736885 0.054429702 2.289500713 0.001987776 -0.039807688 -0.009546853 0.999159753
17.883140 -7.077723026 0.053252261 2.364046335 0.004076029 -0.039000396 -0.010279084 0.999177992
17.987010 -7.083777905 0.053025659 2.433102369 0.004462826 -0.038054429 -0.011235968 0.999202549
18.090880 -7.089978695 0.052201014 2.509005308 0.002512551 -0.037618529 -0.012632066 0.999209166
18.194760 -7.096094608 0.048914172 2.583476305 -0.001272875 -0.035640340 -0.014039777 0.999265254
18.298510 -7.101587296 0.048415981 2.654919147 -0.002045302 -0.034693874 -0.012694463 0.999315262
18.402390 -7.104903221 0.047560152 2.725816965 -0.001904171 -0.034192320 -0.011573520 0.999346435
18.506260 -7.111688137 0.049244743 2.796249628 -0.001111163 -0.032579724 -0.011295411 0.999404728
18.610130 -7.115654945 0.045029730 2.874430180 -0.001415608 -0.032770984 -0.010390322 0.999407887
18.713910 -7.122272015 0.046317928 2.948764324 0.000071051 -0.031746924 -0.009417989 0.999451578
18.817760 -7.125003338 0.046999197 3.021593809 0.000361672 -0.031583365 -0.009489965 0.999455988
18.921640 -7.130981922 0.042523298 3.097218513 -0.001367622 -0.031723078 -0.010395900 0.999441683
19.025510 -7.134928226 0.043445773 3.175261021 -0.000448439 -0.030914459 -0.011657454 0.999453902
19.129390 -7.140594006 0.040790882 3.244039297 -0.000803515 -0.031396259 -0.012033695 0.999434233
19.233260 -7.145557880 0.040142506 3.326051235 -0.000747080 -0.032022353 -0.012474870 0.999409020
19.337010 -7.153934479 0.039218161 3.399905443 -0.000916243 -0.034907471 -0.009679808 0.999343276
19.440890 -7.158178806 0.037387110 3.476093054 -0.001142308 -0.036382619 -0.012752819 0.999255896
19.544760 -7.168028831 0.036950778 3.556341171 0.001764782 -0.037363283 -0.012039444 0.999227643
19.648510 -7.173723221 0.035595130 3.632997513 0.003533066 -0.038445778 -0.012470028 0.999176621
19.752390 -7.183810234 0.035316430 3.710229397 0.004589474 -0.038631979 -0.011893052 0.999172211
19.856260 -7.190347195 0.032156404 3.789237976 0.003630224 -0.040092200 -0.011712659 0.999120712
19.960140 -7.192766666 0.032644480 3.871196032 0.003468265 -0.042475935 -0.012268187 0.999016166
20.064010 -7.202154636 0.030145004 3.957003355 0.002240954 -0.042922329 -0.010275464 0.999023020
20.167930 -7.209479809 0.028819116 4.041112423 0.000326373 -0.043574370 -0.009894210 0.999001145
20.271890 -7.216821194 0.028681196 4.125524521 -0.001732024 -0.043989558 -0.009835929 0.998982072
20.375760 -7.223038197 0.028173277 4.210872173 -0.002385992 -0.044450730 -0.009175187 0.998966575
20.479750 -7.229159355 0.026612042 4.294248104 -0.002861821 -0.043870974 -0.010781442 0.998974919
20.583640 -7.242101669 0.025996564 4.377130508 -0.002475051 -0.041492630 -0.011306545 0.999071777
20.687510 -7.251816750 0.025792651 4.459533691 -0.001119003 -0.040122662 -0.010928873 0.999134362
20.791530 -7.260021687 0.024400728 4.545495987 -0.000486572 -0.039095640 -0.010411474 0.999181092
20.895390 -7.262374401 0.022974651 4.630111217 -0.000545598 -0.038948499 -0.007474707 0.999213099
20.999260 -7.269170761 0.027984153 4.714145660 -0.000528415 -0.038108256 -0.007688719 0.999243915
21.103270 -7.276083946 0.026496049 4.795332909 -0.001524004 -0.037570205 -0.007891676 0.999261677
21.207140 -7.285041332 0.020101719 4.876948833 -0.002557281 -0.036934119 -0.004631872 0.999303699
21.311120 -7.290025234 0.017355271 4.961144447 -0.001453011 -0.036171164 -0.006520498 0.999323249
21.415040 -7.294203758 0.011090863 5.041028976 -0.000062520 -0.036881380 -0.006862615 0.999296069
21.519010 -7.302269936 0.014642814 5.136357307 0.003834688 -0.036342997 -0.007652202 0.999302685
21.622900 -7.309287548 0.013081265 5.219992161 0.006789308 -0.035955507 -0.009636817 0.999283850
21.726890 -7.331639290 0.012605346 5.312512875 0.007944709 -0.032749020 -0.010181551 0.999380171
21.830760 -7.330749512 0.010043439 5.386475563 0.005478581 -0.033073153 -0.009208475 0.999395490
21.934640 -7.333519936 0.009099311 5.473047733 0.001702488 -0.034445677 -0.010017419 0.999354899
22.038660 -7.347321033 0.007409245 5.553429604 -0.001059341 -0.032607827 -0.012481624 0.999389708
22.142620 -7.341467381 0.003425676 5.634251595 -0.003132642 -0.037316054 -0.006220102 0.999279261
22.246540 -7.348075390 0.003939769 5.717516422 -0.000349680 -0.037885599 -0.003781632 0.999274850
22.350390 -7.354928017 0.003511120 5.793617249 0.001180732 -0.039023455 -0.005640268 0.999221683
22.454390 -7.362237930 0.003841977 5.862005234 0.002924196 -0.039072584 -0.011361338 0.999167562
22.558370 -7.370201588 -0.001750426 5.952535629 0.002315390 -0.042403668 -0.006275062 0.999078155
22.662270 -7.376995087 -0.002464046 6.031598091 0.004380980 -0.044497196 -0.007206928 0.998973906
22.766140 -7.383921623 -0.003581032 6.110681057 0.006275245 -0.046112973 -0.007930601 0.998885036
22.870160 -7.398819923 -0.007231446 6.193040848 0.006951230 -0.046710584 -0.013542413 0.998792470
22.974020 -7.401411533 -0.007646981 6.270895004 0.006398061 -0.049158707 -0.014491038 0.998665333
23.078010 -7.411386967 -0.011253754 6.348494530 0.002473657 -0.051456757 -0.012876608 0.998589098
23.181990 -7.422159195 -0.012407649 6.422560215 -0.000247441 -0.053154692 -0.013355795 0.998496950
23.285910 -7.429798603 -0.014409598 6.505384922 -0.002184865 -0.055706646 -0.012900475 0.998361409
23.389770 -7.441289425 -0.013473302 6.576189995 -0.002101499 -0.058557149 -0.014221924 0.998180509
23.493760 -7.455965996 -0.016832341 6.650990486 -0.004218499 -0.060482521 -0.012436977 0.998082817
23.597640 -7.460962772 -0.016179750 6.726470947 -0.004079374 -0.065093175 -0.011900838 0.997799873
23.701510 -7.474196434 -0.024228685 6.798089504 -0.004674009 -0.068451412 -0.008962991 0.997603238
23.805540 -7.482709885 -0.020728245 6.876254082 -0.002118805 -0.071226008 -0.013667393 0.997364283
23.909390 -7.496562481 -0.017841892 6.950873852 0.000179346 -0.073961973 -0.015427706 0.997141719
24.013390 -7.508631706 -0.011320557 7.031087399 0.002818992 -0.075522378 -0.023157185 0.996871173
24.117270 -7.519776821 -0.018401995 7.097046375 -0.001124354 -0.079073958 -0.017405549 0.996716142
24.221270 -7.529556274 -0.015508949 7.160077095 -0.003042919 -0.082492478 -0.016574809 0.996449172
24.325140 -7.548171043 -0.023058018 7.252905369 -0.004963506 -0.085291080 -0.016746430 0.996202946
24.429140 -7.562819004 -0.019193523 7.317796230 -0.002557793 -0.088532813 -0.015650144 0.995947003
24.533020 -7.579947472 -0.018497018 7.381571293 0.001122735 -0.091999553 -0.015581458 0.995636523
24.636890 -7.593595505 -0.015229075 7.443477631 0.002588536 -0.096273996 -0.016537156 0.995214105
24.740760 -7.606358051 -0.023320783 7.501536369 -0.000438915 -0.102208979 -0.013229483 0.994674921
24.844640 -7.625967979 -0.030622156 7.583382130 -0.003499553 -0.107444890 -0.011586527 0.994137347
24.948510 -7.640586853 -0.034340162 7.667160511 -0.007203619 -0.113920912 -0.014143438 0.993363023
25.052390 -7.659198284 -0.027858920 7.771278381 -0.008489119 -0.121069223 -0.013307693 0.992518544
25.156270 -7.685593128 -0.029589128 7.825104713 -0.006057354 -0.125392824 -0.016188601 0.991956592
25.260140 -7.703041553 -0.034446146 7.894890308 -0.003128149 -0.132558897 -0.011880570 0.991099000
25.364010 -7.728139877 -0.035773080 7.952131748 -0.001027106 -0.138751388 -0.008219589 0.990292609
25.467890 -7.747597694 -0.029439306 8.015460968 -0.000815108 -0.143651471 -0.014956568 0.989515007
25.571790 -7.760690689 -0.024772730 8.112184525 -0.003548373 -0.152448624 -0.011916415 0.988233209
25.675640 -7.787075996 -0.029895499 8.182641983 -0.007932969 -0.157546073 -0.012754237 0.987397432
25.779520 -7.815429211 -0.029951878 8.239740372 -0.006808327 -0.162483513 -0.013999607 0.986588478
25.883390 -7.837320328 -0.031815335 8.304872513 -0.005150157 -0.169644669 -0.011811166 0.985421062
25.987390 -7.859897614 -0.035493013 8.379933357 -0.002465787 -0.174952954 -0.008044118 0.984540880
26.091270 -7.880379200 -0.032261528 8.457869530 0.000636691 -0.180834889 -0.004870102 0.983501196
26.195270 -7.917422771 -0.032307539 8.513060570 0.002039402 -0.181725621 -0.008350020 0.983311713
26.299290 -7.948525429 -0.036554810 8.576829910 0.001614666 -0.185856402 -0.006903934 0.982551336
26.403140 -7.974964142 -0.032763198 8.650792122 0.002009256 -0.191101730 -0.008048527 0.981535196
26.507020 -7.999326229 -0.042686876 8.705770493 -0.004377263 -0.195228338 -0.002943637 0.980743647
26.611020 -8.029682159 -0.037635285 8.771923065 -0.006565680 -0.197287306 -0.010527237 0.980267167
26.714890 -8.070837021 -0.033926170 8.832777023 -0.008302750 -0.198765367 -0.014724239 0.979901314
26.818890 -8.094743729 -0.035214536 8.901672363 -0.005938411 -0.202971727 -0.019335918 0.978975654
26.922890 -8.122345924 -0.041739501 8.960397720 -0.004081822 -0.205699503 -0.019348215 0.978415430
27.026890 -8.152506828 -0.037672736 9.026552200 0.000177043 -0.208122402 -0.018180462 0.977933764
27.130890 -8.190132141 -0.032808524 9.096096039 0.002384919 -0.210130498 -0.014205757 0.977567196
27.234770 -8.216149330 -0.039989457 9.151395798 -0.001967385 -0.212778971 -0.019215677 0.976909399
27.338640 -8.243176460 -0.049777403 9.211734772 -0.005510095 -0.216201216 -0.017416524 0.976177931
27.442660 -8.291535378 -0.052079029 9.288665771 -0.005329326 -0.216494352 -0.012641026 0.976187468
27.546520 -8.316498756 -0.043736875 9.376789093 0.000393069 -0.221810222 -0.015937686 0.974959493
27.650520 -8.351301193 -0.044980694 9.460103035 0.002664782 -0.224730745 -0.013719209 0.974320650
27.754390 -8.386075020 -0.033115298 9.522131920 0.006455231 -0.226682156 -0.020067949 0.973740637
27.858410 -8.423339844 -0.043777689 9.588255882 0.002446485 -0.228847787 -0.016288603 0.973322868
27.962300 -8.463178635 -0.042881984 9.652977943 0.001590306 -0.230030179 -0.015809244 0.973053753
28.066150 -8.494704247 -0.034012958 9.735415459 0.004046015 -0.232750088 -0.020676354 0.972308338
28.170020 -8.533479691 -0.038654465 9.819615364 0.004408021 -0.235303506 -0.017855404 0.971747935
28.274040 -8.565751076 -0.039316282 9.886731148 0.004016433 -0.238699511 -0.017170550 0.970933378
28.377890 -8.600408554 -0.030778211 9.954432487 0.006379040 -0.240585327 -0.021743514 0.970363438
28.481890 -8.633444786 -0.047302134 9.994466782 0.001985538 -0.242686972 -0.018076841 0.969934165
28.585770 -8.674202919 -0.042372443 10.047522545 0.003368068 -0.243516654 -0.019710496 0.969690561
28.689660 -8.705652237 -0.038888205 10.115095139 0.006417745 -0.246095136 -0.020529427 0.969007015
28.793670 -8.740519524 -0.051958736 10.171781540 0.005606974 -0.248593658 -0.015940795 0.968460441
28.897520 -8.768482208 -0.066700913 10.250100136 0.005295901 -0.252350062 -0.017876571 0.967456341
29.001520 -8.775565147 -0.064104266 10.304219246 0.004327160 -0.257644236 -0.019594727 0.966031432
29.105390 -8.839926720 -0.057791416 10.367816925 0.000249345 -0.256590694 -0.016408123 0.966380835
29.209390 -8.870208740 -0.054302745 10.437049866 -0.002125165 -0.259350926 -0.018863525 0.965596557
29.313270 -8.863262177 -0.058267206 10.498229980 -0.004858182 -0.266056955 -0.018372945 0.963769972
29.417270 -8.941381454 -0.022444282 10.561905861 -0.001115676 -0.262830585 -0.009600076 0.964793622
29.521140 -9.005151749 -0.024676513 10.640852928 0.001763749 -0.261239529 -0.010383029 0.965216517
29.625020 -9.062507629 -0.018717272 10.681312561 0.004971625 -0.257182211 -0.010700725 0.966290891
29.729040 -9.070391655 -0.007223055 10.731583595 0.007000057 -0.262925029 -0.006254838 0.964770615
29.832900 -9.078222275 -0.018555986 10.788262367 0.004935869 -0.268658340 -0.006532203 0.963200748
29.936770 -9.089808464 -0.015130760 10.852005005 0.004929532 -0.275429666 -0.004398992 0.961298525
30.040770 -9.140988350 -0.009662827 10.929704666 0.006742186 -0.276385009 -0.001163731 0.961022615
30.144650 -9.165583611 -0.018541895 10.968673706 0.003749933 -0.276579946 -0.001442615 0.960982502
30.248520 -9.196195602 -0.005794584 11.007078171 0.007176416 -0.275824994 -0.000945117 0.961180627
30.352400 -9.217794418 -0.012175154 11.030826569 0.006380111 -0.276097655 -0.001272894 0.961107552
30.456270 -9.238491058 -0.016801393 11.047007561 0.006335021 -0.275615573 -0.001625462 0.961245716
30.560270 -9.287158012 -0.004419292 11.074164391 0.011127460 -0.270732611 0.000513068 0.962590158
30.664040 -9.344243050 0.013356845 11.121577263 0.017700814 -0.266723216 0.001959614 0.963608623
30.767900 -9.342580795 0.020871060 11.149315834 0.018988635 -0.272114098 0.003753797 0.962070286
30.871790 -9.353971481 0.006729580 11.207839012 0.016324716 -0.281167150 0.001565173 0.959518671
30.975650 -9.418659210 0.014590515 11.228448868 0.017291663 -0.274594307 0.003476540 0.961398423
31.079540 -9.439816475 0.013017014 11.260612488 0.015932251 -0.277820915 0.000830361 0.960500419
31.183270 -9.462803841 0.013003099 11.288740158 0.013367058 -0.280213326 -0.000934449 0.959844232
31.287140 -9.482876778 0.013728949 11.313655853 0.012306872 -0.283322930 -0.000849836 0.958945215
31.390900 -9.503654480 0.018961724 11.332249641 0.013060418 -0.285960525 0.001836214 0.958150625
31.494660 -9.522190094 0.023648094 11.346411705 0.014525952 -0.289183706 0.003332188 0.957157612
31.598390 -9.542250633 0.021507919 11.371698380 0.012946022 -0.296152085 0.004830029 0.955040872
31.702150 -9.544773102 0.019751094 11.402597427 0.012378043 -0.308799863 0.004472694 0.951035976
31.805770 -9.568911552 0.006962283 11.427254677 0.009464595 -0.317360044 0.001827993 0.948256135
31.909520 -9.590617180 0.008875801 11.442718506 0.012050071 -0.326096296 0.002374414 0.945256770
32.013150 -9.601081848 0.005239093 11.461979866 0.013919622 -0.338333160 0.001842447 0.940921664
32.116900 -9.604639053 0.004622876 11.482390404 0.016189566 -0.352197319 0.002548798 0.935782254
32.220650 -9.620748520 0.015059419 11.499258995 0.023154255 -0.362928987 0.002394543 0.931526005
32.324400 -9.639554977 0.012699438 11.509340286 0.025077073 -0.372436047 -0.000768425 0.927718699
32.428170 -9.658425331 0.022603119 11.520489693 0.028882481 -0.382194251 -0.000583011 0.923630357
32.531770 -9.674679756 0.022439597 11.532533646 0.028020751 -0.393198609 0.000035732 0.919026494
32.635530 -9.694740295 0.001329203 11.542644501 0.020198205 -0.404290766 -0.001802099 0.914405644
32.739270 -9.718630791 0.014394992 11.551249504 0.024178509 -0.415396869 -0.000969768 0.909318388
32.842900 -9.740973473 0.014806471 11.557351112 0.023765601 -0.427004158 -0.002353234 0.903934240
32.946650 -9.751628876 0.006620710 11.573012352 0.020809386 -0.443292260 -0.006534677 0.896111727
33.050400 -9.767725945 -0.000087603 11.585831642 0.017841101 -0.457836598 -0.009230730 0.888809383
33.154020 -9.786524773 -0.000751893 11.595588684 0.017993914 -0.471408844 -0.011536347 0.881655753
33.257770 -9.804897308 -0.004224910 11.604493141 0.017064210 -0.485009253 -0.014132174 0.874228299
33.361650 -9.825212479 -0.002605303 11.611950874 0.017488673 -0.498639256 -0.016522748 0.866475642
33.465270 -9.846393585 -0.001158095 11.611985207 0.018172896 -0.510698378 -0.016836058 0.859402955
33.569020 -9.866289139 -0.004970426 11.624431610 0.018432071 -0.527580321 -0.016221730 0.849150240
33.672790 -9.886284828 -0.005120796 11.631237030 0.020306936 -0.543594599 -0.015454380 0.838959873
33.776420 -9.909509659 -0.003550438 11.639998436 0.021371190 -0.561481416 -0.014697154 0.827082753
33.880040 -9.933777809 -0.002700647 11.651506424 0.021432457 -0.581212282 -0.013674448 0.813354731
33.983650 -9.970662117 -0.006607607 11.650532722 0.021384159 -0.597215652 -0.015490758 0.801645935
34.087400 -9.996217728 -0.001784597 11.653321266 0.023270497 -0.616119862 -0.014219357 0.787180185
34.191020 -10.023873329 -0.002497531 11.651417732 0.024000367 -0.634044230 -0.014930333 0.772780061
34.294770 -10.053082466 -0.003275118 11.639666557 0.023990974 -0.649756551 -0.016970471 0.759574115
34.398420 -10.106011391 -0.007953816 11.655303955 0.020449607 -0.673890531 -0.016397430 0.738366067
34.502140 -10.140975952 -0.004804476 11.649931908 0.021157153 -0.692151368 -0.018326962 0.721209407
34.605900 -10.177992821 -0.004230679 11.655536652 0.018913537 -0.714292824 -0.018233052 0.699353695
34.709660 -10.223902702 -0.005934016 11.643920898 0.015237194 -0.731349885 -0.017097710 0.681617737
34.813400 -10.265316010 -0.005431217 11.634490013 0.013843811 -0.749166608 -0.017438255 0.662007272
34.917150 -10.307275772 -0.001849695 11.624790192 0.014227891 -0.766432524 -0.018075120 0.641912818
35.021020 -10.351677895 0.005503656 11.609054565 0.016422868 -0.782039165 -0.018521294 0.622737467
35.124770 -10.389655113 0.009884140 11.591028214 0.015967743 -0.797060788 -0.018141096 0.603415251
35.228670 -10.451464653 -0.000890284 11.573916435 0.008402358 -0.812584817 -0.016936883 0.582536161
35.332520 -10.501259804 0.000060269 11.551410675 0.006407961 -0.826282918 -0.016355157 0.562981308
35.436400 -10.551980019 0.000891838 11.525568962 0.004782952 -0.839021623 -0.016140841 0.543837488
35.540420 -10.603762627 0.002337657 11.496403694 0.003859454 -0.850606918 -0.016072404 0.525542200
35.644400 -10.641702652 0.004595110 11.460276604 0.005462454 -0.859710574 -0.017497268 0.510452509
35.748650 -10.706254959 0.005123058 11.430446625 -0.004033900 0.869035721 0.017065918 -0.494438440
35.852770 -10.769871712 0.006407207 11.389310837 -0.004270528 0.875582099 0.017308991 -0.482740223
35.957050 -10.827782631 0.008377934 11.348848343 -0.005003146 0.880716920 0.017467963 -0.473294348
36.061290 -10.880249023 0.009979832 11.308914185 -0.005662245 0.884473145 0.018062510 -0.466207057
36.165670 -10.935554504 0.009412805 11.265316963 -0.004443400 0.887341678 0.018466249 -0.460721225
36.269900 -10.998652458 0.012559248 11.223229408 -0.002922324 0.890512466 0.018125551 -0.454588234
36.374170 -11.077131271 0.014290398 11.166728020 -0.003280692 0.892945647 0.018698459 -0.449764043
36.478420 -11.142954826 0.016101377 11.116112709 -0.003458936 0.894736826 0.019227780 -0.446166277
36.582670 -11.206960678 0.020464713 11.062724113 -0.004240813 0.895915210 0.019387389 -0.443781614
36.686900 -11.271164894 0.021691259 11.015404701 -0.004241223 0.897550464 0.019559005 -0.440457255
36.791110 -11.328619003 0.024226926 10.967102051 -0.003079362 0.898123741 0.019367268 -0.439305395
36.895150 -11.419669151 0.023788728 10.899879456 -0.002439249 0.899179757 0.019991508 -0.437115759
36.999490 -11.474600792 0.025631147 10.846861839 -0.002470515 0.898530304 0.020107890 -0.438443661
37.103550 -11.561553955 0.029528495 10.799971581 -0.002493545 0.900237441 0.019144723 -0.434971035
37.207650 -11.638808250 0.028075457 10.745675087 -0.001946787 0.900824845 0.019278834 -0.433750093
37.311780 -11.716518402 0.029085156 10.683335304 -0.002582567 0.901186705 0.019320760 -0.432992548
37.415890 -11.801630974 0.035504892 10.597002029 -0.001691926 0.900289893 0.018854005 -0.434879035
37.520030 -11.873629570 0.038748417 10.538245201 -0.003181574 0.900209069 0.020144608 -0.434980124
37.624150 -11.947970390 0.039222285 10.489545822 -0.001155783 0.901319802 0.020905480 -0.432647914
37.728150 -12.020753860 0.040559232 10.434956551 -0.001311198 0.901389003 0.021432979 -0.432477474
37.832280 -12.127940178 0.045606412 10.332717896 -0.001759893 0.900982320 0.020270711 -0.433378488
37.936280 -12.207576752 0.046767034 10.271913528 -0.001597287 0.901128948 0.019592328 -0.433105350
38.040280 -12.298406601 0.051309895 10.201081276 -0.001392918 0.901612341 0.018807726 -0.432133734
38.144280 -12.380142212 0.053747687 10.130641937 -0.001608476 0.901375711 0.018000402 -0.432660669
38.248280 -12.468894005 0.056300830 10.057792664 -0.001204718 0.901744723 0.016525101 -0.431951284
38.352280 -12.564620972 0.056380816 9.979153633 -0.001205616 0.902231157 0.015216395 -0.430982500
38.456150 -12.655756950 0.058799367 9.905262947 -0.002774147 0.902492404 0.013905579 -0.430472344
38.560150 -12.735778809 0.058690902 9.830969810 -0.003779981 0.901847064 0.014031385 -0.431810886
38.664150 -12.826124191 0.065060645 9.755902290 -0.005813596 0.901838362 0.014232209 -0.431800038
38.768150 -12.907964706 0.063058682 9.682904243 -0.003663510 0.901343882 0.016047912 -0.432791233
38.872030 -13.025730133 0.063788116 9.602879524 -0.002755048 0.902412355 0.017665662 -0.430502415
38.976020 -13.119489670 0.065458708 9.526503563 -0.001845963 0.902460694 0.018321944 -0.430378437
39.079900 -13.203192711 0.065968588 9.450827599 -0.001001636 0.901969075 0.018855136 -0.431387603
39.183930 -13.295673370 0.071469255 9.373751640 -0.001159816 0.901955605 0.018268909 -0.431440681
39.287780 -13.399561882 0.071567886 9.296035767 -0.001566206 0.902566135 0.019079326 -0.430125475
39.391750 -13.492941856 0.080947705 9.226827621 -0.000967516 0.902906597 0.017692419 -0.429471463
39.495830 -13.576282501 0.092910983 9.154279709 -0.000627660 0.902422428 0.016281197 -0.430544138
39.599580 -13.680300713 0.077903591 9.066554070 -0.000968330 0.902694881 0.020746361 -0.429779708
39.703630 -13.771096230 0.090758920 9.010446548 0.000967089 0.903673112 0.017923821 -0.427846640
39.807870 -13.862456322 0.081570521 8.923364639 -0.000859412 0.903200388 0.019829592 -0.428759992
39.911280 -13.954143524 0.082832441 8.860262871 -0.000675407 0.903949916 0.019713815 -0.427183121
40.015280 -14.052714348 0.092843436 8.791095734 0.001104396 0.904833138 0.017893367 -0.425388783
40.119140 -14.141342163 0.085940577 8.695711136 -0.001244709 0.904306889 0.019840650 -0.426419795
40.223030 -14.240048409 0.091572091 8.603451729 -0.000781842 0.903999388 0.019254116 -0.427099198
40.326930 -14.330834389 0.093465254 8.529269218 -0.001166920 0.904159367 0.018841952 -0.426777959
40.430770 -14.417917252 0.095722102 8.457523346 -0.001553095 0.904438019 0.019026708 -0.426177770
40.534990 -14.511624336 0.099528700 8.380437851 -0.003381092 0.904175043 0.019251414 -0.426714689
40.638670 -14.603521347 0.101164825 8.300771713 -0.003722687 0.904085636 0.019428419 -0.426893175
40.742540 -14.697146416 0.104878232 8.205479622 -0.002968021 0.903587162 0.019321887 -0.427958101
40.846410 -14.796665192 0.104951732 8.137490273 -0.004938236 0.903291464 0.018958764 -0.428579867
40.950400 -14.887608528 0.105921052 8.064336777 -0.004489456 0.902927756 0.018951312 -0.429350853
41.054600 -14.978115082 0.109262861 7.988740921 -0.003604620 0.902655959 0.018887078 -0.429933190
41.158230 -15.068512917 0.111739263 7.913587570 -0.002272450 0.902268291 0.020581326 -0.430677623
41.262460 -15.162202835 0.116791315 7.836236477 0.002015255 0.902117670 0.021888895 -0.430929810
41.365930 -15.261177063 0.115593232 7.761788845 0.002752087 0.901918650 0.023955081 -0.431232274
41.469820 -15.352946281 0.118143298 7.686871529 0.001523207 0.901932478 0.022137923 -0.431306630
41.573580 -15.443598747 0.122455344 7.613513470 0.000396105 0.902188599 0.019443247 -0.430903196
41.677410 -15.534036636 0.125084355 7.538868427 -0.000721663 0.901873767 0.019677395 -0.431550622
41.781210 -15.617262840 0.126632154 7.467511654 -0.001290741 0.901652873 0.020999216 -0.431948423
41.885060 -15.719134331 0.127896532 7.387653351 0.001615588 0.901960075 0.021934437 -0.431258887
41.988800 -15.811799049 0.133107260 7.306405544 0.002273064 0.901780188 0.020613864 -0.431697220
42.092740 -15.904173851 0.129345343 7.236236095 0.002860600 0.902188420 0.020449780 -0.430847585
42.196450 -15.993398666 0.132078215 7.160358906 0.003222964 0.902001321 0.019915573 -0.431261659
42.300170 -16.078525543 0.144690841 7.093586922 0.001055848 0.902247846 0.021093933 -0.430700362
42.404080 -16.173610687 0.141483322 7.016086578 0.004039442 0.902722657 0.023578351 -0.429557413
42.507790 -16.262910843 0.143845126 6.941285610 0.004352613 0.902799964 0.023933178 -0.429372191
42.611550 -16.347673416 0.147276357 6.875864983 0.003773708 0.903101385 0.022924358 -0.428798437
42.715290 -16.432682037 0.149637416 6.792338848 0.004267587 0.902687132 0.021897331 -0.429718822
42.819190 -16.517974854 0.155348599 6.707824707 0.003462309 0.901928365 0.020766243 -0.431372195
42.922920 -16.608825684 0.161193147 6.633954525 0.000459615 0.901842833 0.020082200 -0.431597054
43.026850 -16.705585480 0.161320746 6.574917316 0.002093167 0.902857959 0.021528570 -0.429394543
43.130550 -16.790691376 0.162411451 6.500928402 0.000539844 0.902448416 0.022140376 -0.430228263
43.234430 -16.874435425 0.167041630 6.435247421 0.000773739 0.902245104 0.021921808 -0.430665314
43.338330 -16.963130951 0.172003374 6.361064911 0.001622104 0.902317643 0.021155559 -0.430549264
43.442050 -17.052183151 0.171935230 6.295141220 0.001288146 0.902424276 0.021557042 -0.430306882
43.545910 -17.132999420 0.178424701 6.240089417 0.003720663 0.902628660 0.019305622 -0.429970860
43.649770 -17.220621109 0.182856068 6.174566269 0.004189059 0.902674377 0.018207375 -0.429918438
43.753650 -17.303560257 0.185983658 6.122485161 0.007431430 0.902639449 0.018156826 -0.429950148
43.857500 -17.385272980 0.191622272 6.066122055 0.009391215 0.903093755 0.016680125 -0.429016560
43.961280 -17.476978302 0.186297819 5.958747864 0.003355667 0.902164996 0.019085925 -0.430955708
44.065190 -17.562099457 0.188408166 5.890609741 0.003090262 0.902159035 0.016925583 -0.431060374
44.169050 -17.640367508 0.191196382 5.829543591 0.003128123 0.901653349 0.016091118 -0.432148814
44.272790 -17.726655960 0.200419381 5.769340515 0.002253049 0.901960850 0.015308294 -0.431540579
44.376660 -17.803619385 0.198407695 5.717381954 0.003503357 0.902058184 0.016143378 -0.431298226
44.480540 -17.890800476 0.195100471 5.623349190 0.002118476 0.901758611 0.017138312 -0.431894839
44.584310 -17.970529556 0.197493330 5.564341545 0.004619379 0.902012765 0.016373554 -0.431373984
44.688220 -18.054700851 0.198187679 5.489521503 0.002232018 0.901679516 0.016680518 -0.432077318
44.792180 -18.129190445 0.203217089 5.453760147 -0.000374654 0.902483702 0.017065676 -0.430385560
44.895870 -18.209724426 0.201381817 5.395716667 0.000946694 0.902957141 0.017025484 -0.429392159
44.999710 -18.279855728 0.205236018 5.329552174 0.001590860 0.902763605 0.015644422 -0.429849476
45.103550 -18.362411499 0.198836580 5.256099224 0.005051539 0.902387857 0.016198056 -0.430590510
45.207330 -18.436498642 0.197682500 5.188673019 0.005389985 0.902235031 0.017078573 -0.430872619
45.311220 -18.503389359 0.202504039 5.127990246 0.003732783 0.901972413 0.019410912 -0.431340992
45.415240 -18.573123932 0.194561630 5.080006599 0.005388134 0.902233601 0.020838132 -0.430710256
45.518940 -18.662927628 0.191365227 5.017338753 0.009295100 0.902837276 0.019728342 -0.429428965
45.622980 -18.725273132 0.197202250 4.964159966 0.010105581 0.902887046 0.019591061 -0.429312289
45.726540 -18.783662796 0.205936402 4.914793015 0.009181857 0.903282166 0.018887477 -0.428532660
45.831090 -18.827316284 0.199127942 4.869318008 0.009284204 0.903067231 0.020589637 -0.428904951
45.934310 -18.902614594 0.213529110 4.802342892 0.007618520 0.902917385 0.019650985 -0.429296970
46.038180 -18.960731506 0.216342449 4.750950813 0.007960916 0.903171897 0.018248599 -0.428817153
46.142050 -19.018045425 0.217994064 4.700984955 0.009061788 0.904174387 0.017124522 -0.426723927
46.245920 -19.084880829 0.221602559 4.650766850 0.010136873 0.906104803 0.015864316 -0.422634125
46.349680 -19.140943527 0.219500482 4.593791008 0.011339486 0.908168614 0.015365283 -0.418168694
46.453430 -19.184236526 0.223299071 4.552352428 0.012678434 0.910422206 0.015217511 -0.413205892
46.557220 -19.229566574 0.218610749 4.500133514 0.015226152 0.912754834 0.016043741 -0.407908529
46.660970 -19.272243500 0.237023771 4.443284988 0.013263255 0.915372908 0.012652487 -0.402189553
46.764550 -19.323406219 0.228400096 4.409174919 0.018575989 0.920438170 0.012460828 -0.390247673
46.868310 -19.387174606 0.226093665 4.356457710 0.019443849 0.925181448 0.013582565 -0.378783226
46.971930 -19.433439255 0.229910329 4.302345753 0.019105799 0.929833949 0.013919391 -0.367219299
47.075560 -19.463853836 0.225810811 4.244420528 0.017345993 0.934597313 0.016463093 -0.354902655
47.179170 -19.534877777 0.233530328 4.186110020 0.017841322 0.940489590 0.016788790 -0.338938147
47.282920 -19.575576782 0.242750585 4.144602776 0.017533194 0.946651816 0.016315209 -0.321366966
47.386540 -19.599168777 0.232811242 4.092803001 0.015086140 0.952408254 0.019066857 -0.303854257
47.490160 -19.622671127 0.233018354 4.033393383 0.016648591 0.957853854 0.020600962 -0.286032259
47.593870 -19.648813248 0.238910630 3.992893219 0.017785504 0.964637101 0.020258518 -0.262199402
47.697410 -19.693429947 0.241558924 3.928907156 0.014651323 0.970918238 0.020624654 -0.238070831
47.801160 -19.699159622 0.242374703 3.879002810 0.007832864 0.975785255 0.021022854 -0.217577100
47.904910 -19.725090027 0.243776545 3.808928251 0.001670313 0.980550885 0.022354644 -0.194980666
48.008600 -19.735818863 0.254472345 3.767854929 0.003536343 0.985086381 0.017899286 -0.171090230
48.112290 -19.749488831 0.246418700 3.702228069 -0.001458524 0.988851726 0.021107843 -0.147392660
48.216060 -19.763399124 0.243388340 3.647530794 -0.002689342 0.992321610 0.023108456 -0.121476814
48.319780 -19.773214340 0.249900401 3.591959238 -0.000341565 0.995085359 0.022517946 -0.096426062
48.423630 -19.773511887 0.260803819 3.536653042 -0.001119437 0.997256815 0.020987645 -0.070972592
48.527420 -19.771718979 0.244875684 3.474605799 -0.007329434 0.998440802 0.030505186 -0.046169795
48.631190 -19.769197464 0.256493926 3.410333633 -0.010136259 0.999257207 0.030463383 -0.021313412
48.734910 -19.761192322 0.257622898 3.366239786 -0.005577372 0.999511957 0.030573715 0.003155279
48.838780 -19.755296707 0.258744329 3.315631866 -0.000580706 0.999128759 0.030230869 0.028765192
48.942530 -19.731815338 0.258059084 3.276255608 -0.000476953 0.998300195 0.029782591 0.050095234
49.046410 -19.723434448 0.272971869 3.212312460 -0.005104068 0.996810496 0.024937509 0.075636566
49.150280 -19.721797943 0.266640574 3.135047674 0.000644611 0.993928730 0.027958374 0.106412821
49.254030 -19.703617096 0.270376235 3.083345652 0.001839507 0.990910709 0.027281107 0.131712943
49.357910 -19.688159943 0.271781147 3.030495167 0.006626748 0.986969471 0.027889647 0.158333600
49.461780 -19.664726257 0.275407076 2.977899790 0.006493205 0.982912838 0.028095156 0.181799039
49.565780 -19.633026123 0.278402418 2.927047729 0.004640340 0.978885710 0.028265497 0.202391326
49.669780 -19.609182358 0.282378435 2.873254776 0.004045878 0.973860383 0.029801721 0.225147694
49.773780 -19.577054977 0.284391344 2.822505474 0.004839365 0.969453633 0.032504532 0.243063241
49.878030 -19.541404724 0.286629349 2.772368670 0.006942014 0.965631783 0.034496866 0.257520944
49.982180 -19.506692886 0.289942443 2.722397804 0.006976213 0.961695611 0.034976859 0.271789372
50.086410 -19.471633911 0.297558904 2.670295477 0.007146091 0.958005965 0.034507111 0.284574747
50.190690 -19.430646896 0.297342956 2.619798422 0.005466632 0.955121040 0.034352403 0.294166356
50.295050 -19.394851685 0.298421144 2.568847895 0.006038899 0.952429295 0.035105865 0.302670747
50.399300 -19.354375839 0.301726371 2.517583847 0.005307788 0.950417995 0.034330033 0.309028864
50.503680 -19.315187454 0.305020481 2.468296766 0.004817566 0.948788106 0.033849970 0.314057529
50.608030 -19.273326874 0.310961783 2.423347473 0.005171152 0.947851956 0.032313660 0.317026466
50.712390 -19.231124878 0.310593218 2.360364914 0.004754193 0.946195424 0.031836096 0.321990848
50.816730 -19.187850952 0.315266162 2.306502104 0.004865529 0.945357621 0.030709747 0.324549288
50.920920 -19.145145416 0.317752481 2.250488043 0.007396066 0.944606364 0.032173604 0.326541007
51.025280 -19.103937149 0.318944931 2.193262577 0.006015758 0.943889678 0.031803276 0.328671098
51.129530 -19.061235428 0.322541088 2.132819891 0.005192467 0.942949772 0.030101324 0.331530869
51.233800 -18.998806000 0.326072305 2.074326277 0.002856315 0.943454444 0.029527709 0.330172241
51.338030 -18.950347900 0.329721481 2.014677763 0.003627659 0.943330169 0.030336661 0.330446213
51.442160 -18.907077789 0.333227068 1.950576544 0.006620366 0.943037093 0.031138154 0.331160963
51.546400 -18.861721039 0.335777283 1.893130064 0.007555688 0.943111300 0.031446002 0.330900490
51.650530 -18.811716080 0.338324577 1.835252166 0.006810497 0.943479180 0.029575190 0.330039412
51.754650 -18.757270813 0.335221618 1.787200451 0.006677771 0.944361389 0.026797667 0.327748120
51.858780 -18.685493469 0.347203553 1.680859566 0.006118717 0.943812370 0.022639081 0.329648644
51.962780 -18.634342194 0.352988392 1.614260077 0.006853439 0.943997741 0.022332633 0.329123974
52.066910 -18.572025299 0.360980868 1.533535123 0.004134696 0.944126844 0.021689463 0.328841805
52.171030 -18.515745163 0.365213096 1.471425056 0.004038068 0.944316149 0.023627426 0.328165323
52.275030 -18.444803238 0.359294146 1.384127975 0.001337116 0.943927705 0.024354663 0.329249978
52.379030 -18.390233994 0.364918172 1.303314924 0.002024080 0.943562329 0.025372168 0.330215544
52.483160 -18.321660995 0.369200289 1.225914121 0.000998638 0.943748593 0.026546361 0.329594970
52.587160 -18.251525879 0.373178452 1.138243079 0.000526406 0.943834543 0.028530953 0.329183877
52.691180 -18.178529739 0.374687195 1.056914926 -0.001833552 0.944030583 0.029354043 0.328543991
52.795150 -18.107025146 0.380362660 0.967525840 -0.002389076 0.943762183 0.027402403 0.329478860
52.899160 -18.039258957 0.384903103 0.880646288 -0.001317689 0.943878949 0.026232142 0.329245538
53.003160 -17.969978333 0.390303522 0.799235165 -0.000170990 0.943937719 0.027138326 0.329006135
53.107160 -17.894435883 0.397300094 0.707617223 -0.000320145 0.944175363 0.029393531 0.328129143
53.211180 -17.826129913 0.400558174 0.610669017 0.000879957 0.943494618 0.031523768 0.329883873
53.315160 -17.756155014 0.410163522 0.512229443 0.003004124 0.943322778 0.031404715 0.330373853
53.419160 -17.667501450 0.410865337 0.426480770 0.002788132 0.943954706 0.029951189 0.328701466
53.523150 -17.594825745 0.416755050 0.328853577 0.005808534 0.943903148 0.028583257 0.328931719
53.627040 -17.521907806 0.422944844 0.237781897 0.007497660 0.943878889 0.027269552 0.329078674
53.731040 -17.456182480 0.423814505 0.148557186 0.008909441 0.943771780 0.027301732 0.329347968
53.835050 -17.382810593 0.430341005 0.065645173 0.006119980 0.944230318 0.026899179 0.328128070
53.938910 -17.306217194 0.431488037 -0.043313984 0.004887595 0.943785906 0.030149285 0.329143256
54.042910 -17.229114532 0.447078884 -0.142486334 0.005498481 0.943931639 0.029504895 0.328773886
54.146780 -17.147840500 0.447826952 -0.237209886 0.008069701 0.944378912 0.031954303 0.327203661
54.250800 -17.071975708 0.446316093 -0.331108630 0.010233232 0.944770277 0.034642547 0.325736582
54.354660 -17.001514435 0.453727394 -0.424278289 0.012133806 0.944714844 0.036269780 0.325654835
54.458660 -16.948854446 0.453490645 -0.510971129 0.011521683 0.944056749 0.040049724 0.327139258
54.562530 -16.857242584 0.462531388 -0.614448011 0.013176831 0.943554640 0.043475576 0.328086585
54.666410 -16.782621384 0.469364077 -0.711343527 0.013996479 0.943598807 0.042958260 0.327993900
54.770420 -16.706884384 0.475695431 -0.797302008 0.013526154 0.944146574 0.038700975 0.326965511
54.874290 -16.638631821 0.480071366 -0.891339898 0.017497266 0.944060564 0.035271458 0.327413321
54.978530 -16.564481735 0.488061339 -0.979909003 0.015498419 0.944623947 0.032564528 0.326167047
55.082040 -16.491321564 0.492649376 -1.079162121 0.016901210 0.944525361 0.033354845 0.326302946
55.185920 -16.423707962 0.480263442 -1.157784104 0.022350043 0.944216192 0.040360715 0.326078624
55.290780 -16.338853836 0.497248977 -1.269232154 0.015896067 0.944639504 0.037063610 0.325622112
55.393730 -16.264173508 0.502039909 -1.362763286 0.014575839 0.945202112 0.036814276 0.324075997
55.497680 -16.189298630 0.503673971 -1.439078093 0.014014139 0.946648180 0.037017126 0.319828957
55.601700 -16.117002487 0.507194936 -1.516115069 0.013572006 0.948458374 0.037115600 0.314427942
55.705670 -16.054327011 0.515106380 -1.655528307 0.015609060 0.949024796 0.037133496 0.312616944
55.809690 -15.990462303 0.531313777 -1.718976259 0.015075872 0.951816916 0.035358835 0.304248273
55.913810 -15.924130440 0.529692411 -1.832559586 0.013998086 0.954262793 0.038229853 0.296184152
56.017930 -15.888232231 0.530488551 -1.936578274 0.016454937 0.956323922 0.040706478 0.288992763
56.122050 -15.799292564 0.537388802 -2.022258282 0.015180603 0.960890174 0.040558238 0.273522735
56.226190 -15.748174667 0.542615891 -2.093018770 0.015618707 0.964899838 0.040793937 0.258960038
56.330510 -15.699043274 0.535488009 -2.178348541 0.014457835 0.968994498 0.041378155 0.243163541
56.434670 -15.638012886 0.565000951 -2.335788727 0.019655069 0.972221494 0.041614316 0.229493409
56.538940 -15.593284607 0.571813345 -2.437295675 0.020646844 0.975848198 0.041051149 0.213562161
56.643030 -15.540345192 0.575493872 -2.528930187 0.022423312 0.979763865 0.037185881 0.195389643
56.747290 -15.495597839 0.585366428 -2.614911079 0.022854738 0.983494461 0.030990891 0.176793352
56.851430 -15.483001709 0.592385173 -2.717125416 0.022738805 0.986043572 0.027883720 0.162553042
56.955550 -15.439829826 0.590803862 -2.861021280 0.019105176 0.988287091 0.027696259 0.148850530
57.059650 -15.405235291 0.598875999 -2.958195448 0.016985564 0.990603626 0.026144920 0.133162811
57.163560 -15.381777763 0.610606372 -3.063326836 0.020501092 0.992182434 0.024716422 0.120593749
57.267470 -15.360645294 0.605538070 -3.175663710 0.021040831 0.993397295 0.024906842 0.109994479
57.371290 -15.334284782 0.605092704 -3.305442095 0.018628152 0.994365990 0.026264278 0.100992322
57.475150 -15.309501648 0.598218918 -3.423966885 0.017837469 0.995121479 0.031021114 0.091938719
57.579070 -15.292203903 0.615383208 -3.529244900 0.016952218 0.996029258 0.029966513 0.082099058
57.682930 -15.277680397 0.620119691 -3.653460026 0.016818911 0.996719539 0.029455313 0.073482513
57.786690 -15.259720802 0.628897667 -3.775010586 0.017382139 0.997326672 0.026937485 0.065663397
57.890570 -15.251720428 0.629988968 -3.885538816 0.018770274 0.997767687 0.025521332 0.058787372
57.994890 -15.232436180 0.632228792 -3.998526573 0.020814177 0.998034894 0.027463010 0.052334148
58.098070 -15.233683586 0.643046439 -4.119870186 0.026629828 0.997852087 0.032203414 0.050447334
58.201850 -15.213810921 0.646974087 -4.259474277 0.025579264 0.997852325 0.036670968 0.047871545
58.305440 -15.199912071 0.658796430 -4.388941765 0.025954893 0.997885108 0.035838518 0.047616538
58.409230 -15.191352844 0.661385298 -4.512604713 0.022117877 0.997987449 0.035351682 0.047771875
58.512810 -15.181973457 0.671434283 -4.642706394 0.019892562 0.998139679 0.032231577 0.047777116
58.616560 -15.169876099 0.674251556 -4.757783890 0.016591802 0.998208821 0.032424651 0.047461070
58.720450 -15.146139145 0.683149278 -4.898861885 0.013918740 0.998339534 0.031471372 0.046195094
58.824030 -15.135163307 0.689847052 -5.029613018 0.013069292 0.998292506 0.032557465 0.046704929
58.927820 -15.131369591 0.696142316 -5.163066387 0.012755011 0.998158872 0.033767909 0.048743289
59.031700 -15.107791901 0.705522299 -5.295621872 0.011533148 0.998232663 0.033831857 0.047475476
59.135420 -15.098658562 0.719386756 -5.436070919 0.012477112 0.998223186 0.031252649 0.049174592
59.239170 -15.075741768 0.717466056 -5.573073864 0.010416841 0.998251438 0.032049753 0.048562914
59.343070 -15.060680389 0.722784400 -5.709748268 0.009684040 0.998266876 0.031152314 0.048979629
59.446780 -15.046566010 0.730012357 -5.847349167 0.008006453 0.998325050 0.030350961 0.048598543
59.550680 -15.028483391 0.734932601 -5.981804848 0.005054559 0.998383701 0.030530810 0.047667842
59.654550 -15.024107933 0.742055297 -6.126347542 0.005195164 0.998336732 0.030676000 0.048536804
59.758420 -15.003389359 0.749123037 -6.272731304 0.006296122 0.998412669 0.030944135 0.046636194
59.862460 -14.984723091 0.752861261 -6.395069599 0.004567112 0.998440087 0.031678502 0.045749515
59.965990 -14.965006828 0.756764472 -6.527941704 0.007369619 0.998443902 0.032471202 0.044733003
60.069690 -14.960280418 0.777805150 -6.692656517 0.004506856 0.998470962 0.032079492 0.044792559
60.173450 -14.948155403 0.764879107 -6.795846939 0.005651314 0.998390377 0.034726884 0.044483863
60.277190 -14.917424202 0.758697212 -6.937201977 0.008698998 0.998425961 0.035001662 0.042952120
60.381050 -14.921566963 0.782714307 -7.114742279 0.007244507 0.998537838 0.031368047 0.043426022
60.484800 -14.906073570 0.787647188 -7.231751442 0.010070960 0.998539150 0.029799130 0.043933395
60.588540 -14.895002365 0.800287187 -7.395167351 0.006057106 0.998602450 0.030369688 0.042826883
60.692600 -14.880832672 0.810581923 -7.523638248 0.003380037 0.998640418 0.031031173 0.041748133
60.797000 -14.867190361 0.816727281 -7.664992332 0.003199883 0.998680413 0.031689875 0.040285993
60.900200 -14.854450226 0.822790802 -7.805219173 0.003459634 0.998733282 0.031130420 0.039379854
61.003920 -14.837075233 0.828888357 -7.942818165 0.004581240 0.998868287 0.029769806 0.036809649
61.107700 -14.818659782 0.832853377 -8.081873894 0.003051315 0.998912811 0.030767182 0.034888867
61.211580 -14.812289238 0.844690859 -8.232642174 0.006185676 0.998904526 0.031032586 0.034474377
61.315290 -14.829085350 0.843811989 -8.333701134 0.002016481 0.998858094 0.032992102 0.034495380
61.419200 -14.836990356 0.849663496 -8.431547165 0.000690356 0.998884022 0.032859027 0.033917867
61.522950 -14.783361435 0.851831198 -8.621637344 0.003729085 0.998977065 0.033709090 0.029908905
61.626790 -14.805509567 0.869707644 -8.727589607 0.006224824 0.998969793 0.032144986 0.031421822
108.821000 -0.017101692 0.011907594 -0.331099898 0.003969423 -0.037866540 -0.008999669 0.999234378
108.925000 -0.010034793 0.007336120 -0.319428355 0.002155058 -0.039049085 -0.006890695 0.999211192
109.028800 -0.013235885 0.000245533 -0.297086626 0.000513864 -0.035493370 -0.006859661 0.999346256
109.132800 -0.020432102 -0.001481605 -0.268755168 0.000317373 -0.030912364 -0.004339596 0.999512613
109.236800 -0.013911257 -0.000697643 -0.244420782 -0.000220934 -0.030278124 -0.004708826 0.999530375
109.340700 -0.016744861 0.002155354 -0.219428971 0.000217566 -0.026406528 -0.005247135 0.999637485
109.444700 -0.018623402 0.002246734 -0.195120797 -0.000004412 -0.023411259 -0.005616021 0.999710143
109.548600 -0.019074956 0.001746931 -0.168617323 -0.000398194 -0.021553641 -0.005448062 0.999752760
109.652600 -0.021903962 0.001839137 -0.142232880 -0.000714446 -0.018800149 -0.005328591 0.999808788
109.756500 -0.021922186 0.002509884 -0.115190856 -0.000781425 -0.016876686 -0.005159473 0.999843955
109.860500 -0.018596601 0.001801647 -0.091229968 -0.000877294 -0.015977049 -0.003660329 0.999865294
109.964400 -0.016600063 0.001814017 -0.063247174 0.000352861 -0.015554587 -0.003153431 0.999873996
110.068200 -0.019428121 0.000645718 -0.034419883 0.001171361 -0.013925358 -0.002039571 0.999900281
110.172100 -0.020134011 -0.000069470 -0.005525311 0.002204479 -0.013327154 -0.002773941 0.999904871
110.276000 -0.021341927 -0.000992577 0.023366662 0.001713346 -0.011561736 -0.004595666 0.999921143
110.380000 -0.021851251 -0.000291554 0.055667728 0.001695901 -0.008994266 -0.007099485 0.999932885
110.484000 -0.022360288 0.000458729 0.085840680 0.001724647 -0.004562419 -0.005558933 0.999972641
110.587800 -0.018951982 -0.000251715 0.115348347 0.001764537 -0.001292587 -0.001369793 0.999996662
110.691700 -0.018524515 -0.002468459 0.147864774 0.002723017 0.000472832 0.002862911 0.999992073
110.795600 -0.017342418 -0.002995236 0.176805764 0.004721172 -0.001340311 0.004802752 0.999976397
110.899200 -0.016120967 -0.003764885 0.204457641 0.005973754 -0.008090866 0.002722768 0.999945700
111.002900 -0.021587109 -0.005374534 0.236134991 0.007130447 -0.015843136 -0.000116583 0.999849081
111.106600 -0.024705464 -0.004967314 0.263616830 0.009338248 -0.024645438 -0.003751623 0.999645650
111.210200 -0.027436776 -0.004866137 0.292868227 0.010432370 -0.034474183 -0.004245535 0.999342144
111.314000 -0.029723452 -0.006428126 0.320684671 0.009691020 -0.045995198 -0.002364697 0.998891830
111.417700 -0.035539009 -0.008499919 0.349814415 0.006146214 -0.058056280 -0.002661067 0.998290837
111.521300 -0.039605957 -0.009839555 0.376199275 0.002944735 -0.071153253 -0.004913472 0.997448921
111.625100 -0.047102008 -0.010294134 0.403535277 0.001302938 -0.084348246 -0.008025712 0.996403158
111.728700 -0.054841582 -0.010044363 0.430145681 0.000602896 -0.097003922 -0.009115268 0.995242059
111.832500 -0.063177504 -0.012409631 0.456145257 -0.001911894 -0.108670577 -0.009423454 0.994031310
111.936400 -0.069514602 -0.012171666 0.483073831 -0.003227139 -0.119623616 -0.009617556 0.992767453
112.040200 -0.082049258 -0.011387997 0.511126339 -0.004064640 -0.125465229 -0.011373268 0.992024481
112.144200 -0.089288041 -0.011387290 0.534581125 -0.005628306 -0.129210189 -0.015139495 0.991485655
112.248300 -0.098927692 -0.010728476 0.562867403 -0.006094453 -0.130194277 -0.018112315 0.991304338
112.352500 -0.105186328 -0.012935231 0.586631417 -0.006871338 -0.127938807 -0.018103993 0.991593003
112.456700 -0.106200650 -0.012816774 0.607755005 -0.006937911 -0.124341138 -0.017392030 0.992062807
112.561000 -0.110745542 -0.012421126 0.632555842 -0.008607226 -0.120360084 -0.013558467 0.992600381
112.665100 -0.115505517 -0.013347626 0.655915558 -0.010048665 -0.115542121 -0.013373161 0.993161738
112.769200 -0.118481845 -0.014316827 0.672156513 -0.011133780 -0.110067241 -0.013750172 0.993766665
112.873300 -0.120416269 -0.013103896 0.687945187 -0.010339409 -0.105374895 -0.014679654 0.994270444
112.977500 -0.124313682 -0.011263715 0.702077210 -0.009150716 -0.100192644 -0.013833473 0.994829774
113.081600 -0.121973746 -0.011596235 0.714881301 -0.008918148 -0.097742021 -0.012509037 0.995093226
113.185700 -0.124856144 -0.011242604 0.721968770 -0.008176686 -0.094484344 -0.013092306 0.995406687
113.289700 -0.122764871 -0.013141465 0.724484921 -0.008185450 -0.093334407 -0.013012281 0.995516121
113.393700 -0.125103682 -0.013555081 0.724114299 -0.007471967 -0.091404989 -0.013725769 0.995691180
113.497700 -0.123304851 -0.012136202 0.723760903 -0.007175167 -0.091871925 -0.013407775 0.995654702
113.601700 -0.124114722 -0.013642711 0.723713338 -0.006545769 -0.092070252 -0.014193540 0.995629847
113.705700 -0.123701654 -0.015034800 0.725044847 -0.003900902 -0.092180192 -0.015575482 0.995612919
113.809700 -0.124615036 -0.015825251 0.723490596 -0.002861841 -0.091856189 -0.014261448 0.995666027
113.913600 -0.123349845 -0.015522727 0.723833442 -0.003615670 -0.092215993 -0.013172238 0.995645344
114.017600 -0.124199472 -0.013820063 0.725296199 -0.003417626 -0.092229031 -0.013445803 0.995641172
114.121600 -0.124522552 -0.015575852 0.725067616 -0.004297009 -0.092230909 -0.013530369 0.995636463
114.225600 -0.125318944 -0.014085815 0.725543916 -0.003963273 -0.091974102 -0.013263097 0.995665193
114.329600 -0.125125796 -0.013696631 0.724873006 -0.003716277 -0.091893628 -0.013516048 0.995670199
